BS9 3LF,51.5004460000,-2.6170330000
BS9 3LG,51.5016210000,-2.6174810000
BS9 3LH,51.5010450000,-2.6194040000
BS9 3LJ,51.5005120000,-2.6214710000
BS9 3LN,51.5009610000,-2.6215930000
BS9 3LQ,51.5014390000,-2.6196110000
BS9 3LR,51.5002370000,-2.6208340000
BS9 3LU,51.5004760000,-2.6196290000
BS9 3LW,51.5001980000,-2.6231380000
BS9 3LY,51.5003750000,-2.6185160000
BS9 3LZ,51.5000720000,-2.6179210000
BS35 4GG,51.5484090000,-2.6481030000
BS35 4HA,51.5682560000,-2.6395640000
BS35 4HB,51.5721120000,-2.6365160000
BS35 4HD,51.5811440000,-2.6222440000
BS35 4HE,51.5778640000,-2.6370060000
BS35 4HF,51.5770920000,-2.6367730000
BS35 4HG,51.5807830000,-2.6392060000
BS35 4HH,51.5736220000,-2.6078260000
BS35 4HL,51.5703720000,-2.6015060000
BS35 4HN,51.5654390000,-2.6164170000
BS35 4HP,51.5696570000,-2.6430760000
BS35 4HQ,51.5705480000,-2.6213060000
BS35 4HW,51.5794150000,-2.6411790000
BS35 4HZ,51.5622540000,-2.6386720000
BS35 4JA,51.5633960000,-2.6418960000
BS35 4JB,51.5626970000,-2.6399620000
BS35 4JE,51.5643020000,-2.6424950000
BS35 4JF,51.5639210000,-2.6413550000
BS35 4JG,51.5619870000,-2.6349900000
BS35 4JH,51.5570100000,-2.6256360000
BS35 4JJ,51.5600190000,-2.6230610000
BS35 4JL,51.5619870000,-2.6265510000
BS35 4JN,51.5620530000,-2.6209690000
BS35 4JP,51.5534470000,-2.6245140000
BS35 4JQ,51.5624630000,-2.6366460000
BS35 4JR,51.5525470000,-2.6229450000
BS35 4JS,51.5549620000,-2.6133330000
BS35 4JT,51.5491760000,-2.6279590000
BS35 4JU,51.5488940000,-2.6318220000
BS35 4JW,51.5572080000,-2.6221910000
BS35 4JX,51.5582830000,-2.6382130000
BS35 4JY,51.5559350000,-2.6351510000
BS35 4LE,51.5643590000,-2.6451070000
BS35 4LF,51.5637300000,-2.6448730000
BS35 4LG,51.5633920000,-2.6458630000
BS35 4LH,51.5627170000,-2.6428100000
BS35 4LJ,51.5625620000,-2.6432780000
BS35 4LL,51.5641660000,-2.6442960000
BS35 4LN,51.5647270000,-2.6453580000
BS35 4LP,51.5653000000,-2.6456980000
BS35 4LQ,51.5638620000,-2.6456770000
BS35 4LR,51.5641910000,-2.6479470000
BS35 4LT,51.5656790000,-2.6471310000
BS35 4LU,51.5670510000,-2.6494010000
BS35 4LW,51.5650710000,-2.6465450000
BS35 4LY,51.5704720000,-2.6502150000
BS35 4LZ,51.5720830000,-2.6564860000
BS35 4NA,51.5707560000,-2.6524900000
BS35 4NB,51.5708280000,-2.6525860000
BS35 4ND,51.5711360000,-2.6536930000
BS35 4NE,51.5713130000,-2.6541860000
BS35 4NF,51.5720630000,-2.6552160000
BS35 4NG,51.5744460000,-2.6598290000
BS35 4NH,51.5667440000,-2.6640410000
BS35 4NJ,51.5617830000,-2.6587080000
BS35 4NL,51.5615240000,-2.6568580000
BS35 4NN,51.5592110000,-2.6507660000
BS35 4NP,51.5628470000,-2.6631760000
BS35 4NQ,51.5688000000,-2.6646480000
BS35 4NR,51.5630290000,-2.6612170000
BS35 4NS,51.5607410000,-2.6635350000
BS35 4NT,51.5615220000,-2.6637190000
BS35 4PA,51.5651210000,-2.6600500000
BS35 4PB,51.5635190000,-2.6635610000
BS35 4PD,51.5637860000,-2.6638290000
BS35 4PE,51.5640750000,-2.6653290000
BS35 4PF,51.5648590000,-2.6634940000
BS35 4PG,51.5635570000,-2.6647590000
BS35 4PH,51.5607660000,-2.6646170000
BS35 4PJ,51.5604590000,-2.6654970000
BS35 4PL,51.5600230000,-2.6648660000
BS35 4PN,51.5583640000,-2.6656060000
BS35 4PP,51.5574650000,-2.6606650000
BS35 4PQ,51.5609320000,-2.6659800000
BS35 4PR,51.5552490000,-2.6600370000
BS35 4PS,51.5582910000,-2.6625910000
BS35 4PT,51.5589090000,-2.6631770000
BS35 4PU,51.5556780000,-2.6588310000
BS35 4PW,51.5609000000,-2.6608540000
BS35 4PX,51.5551740000,-2.6586220000
BS35 4PY,51.5583010000,-2.6607350000
BS35 4PZ,51.5579130000,-2.6596140000
BS35 4QA,51.5582630000,-2.6595900000
BS35 4QB,51.5569350000,-2.6592240000
BS35 4QD,51.5597330000,-2.6633190000
BS35 4QE,51.5599450000,-2.6627590000
BS35 4QF,51.5617160000,-2.6401070000
BS35 4ZS,51.5635980000,-2.6429470000
BS35 5QX,51.5410590000,-2.6207690000
BS35 5RA,51.5411670000,-2.6221010000
BS35 5RB,51.5403940000,-2.6206160000
BS35 5RD,51.5413090000,-2.6227480000
BS35 5RE,51.5408350000,-2.6205070000
BS35 5RF,51.5401500000,-2.6192140000
BS35 5RG,51.5392130000,-2.6176330000
BS35 5RH,51.5376200000,-2.6161120000
BS35 5RJ,51.5369480000,-2.6159550000
BS35 5RL,51.5377860000,-2.6171230000
BS35 5RN,51.5371740000,-2.6173860000
BS35 5RP,51.5373670000,-2.6163680000
BS35 5RQ,51.5373590000,-2.6148080000
BS35 5RR,51.5358340000,-2.6123360000
BS35 5RS,51.5358130000,-2.6093800000
BS35 5RT,51.5312190000,-2.6213710000
BS35 5RU,51.5346310000,-2.6241850000
BS35 5RW,51.5368790000,-2.6171370000
BS35 5RX,51.5327360000,-2.6349750000
BS35 5RY,51.5372000000,-2.6344280000
BS35 5RZ,51.5372920000,-2.6207180000
BS35 5SB,51.5406560000,-2.6220180000
BS35 5SD,51.5395980000,-2.6198120000
BS35 5SE,51.5385620000,-2.6151120000
BS35 5SF,51.5423240000,-2.6245790000
BS35 5SG,51.5328780000,-2.6354930000
BS35 5SJ,51.5385670000,-2.6175780000
BS35 5SQ,51.5385540000,-2.6166550000
BS35 4AP,51.5865600000,-2.6063530000
BS35 4AR,51.5998530000,-2.6159450000
BS35 4AU,51.5992870000,-2.6157160000
BS35 4AX,51.5981100000,-2.6138950000
BS35 4AY,51.5986650000,-2.6160530000
BS35 4AZ,51.5985420000,-2.6188240000
BS35 4BA,51.5989420000,-2.6181700000
BS35 4BB,51.5990170000,-2.6160050000
BS35 4BD,51.5999190000,-2.6204790000
BS35 4BG,51.5981010000,-2.6292280000
BS35 4BR,51.5543520000,-2.6399080000
BS34 5TQ,51.5296960000,-2.6011970000
BS34 5TX,51.5270620000,-2.6010200000
BS34 5UL,51.5255250000,-2.6009420000
BS32 4DQ,51.5366220000,-2.6026000000
BS32 4EP,51.5476520000,-2.6011920000
BS32 4ER,51.5457250000,-2.6036140000
BS11 9TP,51.5063810000,-2.6907880000
BS11 9YA,51.5024340000,-2.6906990000
BS11 9YB,51.5018760000,-2.6880650000
BS11 9YE,51.5068060000,-2.6916540000
BS11 9YH,51.5043660000,-2.6862620000
BS11 9YL,51.5055690000,-2.6881530000
BS11 9YP,51.5050320000,-2.6895820000
BS11 9YQ,51.5168820000,-2.6926720000
BS11 9YS,51.5049680000,-2.6908820000
BS11 9YT,51.5036820000,-2.6912610000
BS11 9ZG,51.5062410000,-2.6933890000
BS11 0UX,51.5007670000,-2.6507490000
BS11 0UZ,51.5023650000,-2.6494900000
BS11 0WG,51.5039120000,-2.6461690000
BS11 0XF,51.5018090000,-2.6473530000
BS11 0YA,51.5233950000,-2.6887540000
BS11 0YB,51.5298930000,-2.6789440000
BS11 0YD,51.5300440000,-2.6807050000
BS11 0YH,51.5155970000,-2.6693930000
BS11 0YL,51.5342910000,-2.6721510000
BS11 0YP,51.5136270000,-2.6707370000
BS11 0YS,51.5151030000,-2.6737560000
BS11 0YW,51.5215100000,-2.6758540000
BS11 8AB,51.5183920000,-2.6835860000
BS11 8AD,51.5177520000,-2.6839510000
BS11 8AE,51.5193220000,-2.6826540000
BS11 8AF,51.5205130000,-2.6865490000
BS11 8AP,51.5197120000,-2.6871080000
BS11 8AQ,51.5163740000,-2.6812500000
BS11 8AT,51.5194530000,-2.6909720000
BS11 8AZ,51.5105230000,-2.6835590000
BS11 8DB,51.5021720000,-2.6865270000
BS11 8DD,51.5018710000,-2.6842470000
BS11 8DE,51.5027520000,-2.6854600000
BS11 8DF,51.5009010000,-2.6824890000
BS11 8DG,51.5020050000,-2.6828220000
BS11 8DJ,51.5030170000,-2.6833030000
BS11 8DL,51.5009850000,-2.6785000000
BS11 8DP,51.5027980000,-2.6794200000
BS11 8DQ,51.5007350000,-2.6846910000
BS11 8DT,51.5026630000,-2.6744510000
BS11 8DW,51.5016550000,-2.6766080000
BS11 8DX,51.5010130000,-2.6785040000
BS11 8HT,51.5090460000,-2.6824420000
BS11 8TB,51.5028660000,-2.6772050000
BS11 9AF,51.5198370000,-2.6928940000
BS11 9AG,51.5168820000,-2.6927690000
BS11 9BJ,51.5118980000,-2.6973420000
BS11 9BN,51.5252610000,-2.6897000000
BS11 9BP,51.5215510000,-2.6919260000
BS11 9BY,51.5144120000,-2.6935180000
BS11 9DJ,51.5017210000,-2.6945310000
BS11 9DQ,51.5029090000,-2.6987990000
BS11 9EA,51.5031820000,-2.6898430000
BS11 9EB,51.5189450000,-2.6920110000
BS11 9ED,51.5038420000,-2.6957630000
BS11 9EF,51.5014300000,-2.6901080000
BS11 9EH,51.5037500000,-2.6950080000
BS11 9EN,51.5004280000,-2.6985870000
BS11 9EP,51.5017350000,-2.6996460000
BS11 9ER,51.5019280000,-2.6990290000
BS11 9ES,51.5019490000,-2.6984820000
BS11 9ET,51.5024840000,-2.6976690000
BS11 9EU,51.5008540000,-2.6966930000
BS11 9EW,51.5015440000,-2.6999880000
BS11 9EX,51.5039190000,-2.6949720000
BS11 9FB,51.5001440000,-2.6902610000
BS11 9FE,51.5013120000,-2.6981410000
BS11 9FG,51.5169940000,-2.6890710000
BS11 9HF,51.5050550000,-2.6992930000
BS11 9HG,51.5042620000,-2.6995690000
BS11 9HL,51.5056180000,-2.6953260000
BS11 9HQ,51.5045120000,-2.6965660000
BS11 9HS,51.5084650000,-2.6955740000
BS11 9HU,51.5066070000,-2.6937980000
BS11 9HW,51.5099880000,-2.6950650000
BS11 9HX,51.5022970000,-2.6894540000
BS11 0FB,51.5019940000,-2.6564720000
BS11 0FD,51.5184070000,-2.6682850000
BS11 0GA,51.5032910000,-2.6463040000
BS11 0GB,51.5035520000,-2.6463370000
BS11 0HW,51.5035890000,-2.6444500000
BS11 0LZ,51.5003850000,-2.6628020000
BS11 0NA,51.5009710000,-2.6624650000
BS11 0NB,51.5017930000,-2.6602290000
BS11 0ND,51.5017800000,-2.6609490000
BS11 0NE,51.5027070000,-2.6591040000
BS11 0NF,51.5029280000,-2.6598280000
BS11 0NG,51.5018190000,-2.6619440000
BS11 0NH,51.5006670000,-2.6638290000
BS11 0NJ,51.5018790000,-2.6625350000
BS11 0NL,51.5032600000,-2.6599620000
BS11 0NN,51.5038100000,-2.6580680000
BS11 0NP,51.5010440000,-2.6606790000
BS11 0NQ,51.5006690000,-2.6633390000
BS11 0NR,51.5001170000,-2.6624520000
BS11 0NU,51.5005900000,-2.6646490000
BS11 0NW,51.5043950000,-2.6563910000
BS11 0PE,51.5002030000,-2.6614880000
BS11 0PG,51.5000590000,-2.6584030000
BS11 0PH,51.5013190000,-2.6566060000
BS11 0PJ,51.5012950000,-2.6576140000
BS11 0PL,51.5016680000,-2.6568560000
BS11 0PN,51.5020980000,-2.6556090000
BS11 0PP,51.5036150000,-2.6510630000
BS11 0PQ,51.5008960000,-2.6583000000
BS11 0PR,51.5036170000,-2.6492480000
BS11 0PS,51.5041590000,-2.6467950000
BS11 0PT,51.5028830000,-2.6502750000
BS11 0PU,51.5031140000,-2.6506240000
BS11 0PW,51.5029100000,-2.6534880000
BS11 0PX,51.5035480000,-2.6501690000
BS11 0PY,51.5030860000,-2.6540670000
BS11 0PZ,51.5022810000,-2.6566200000
BS11 0QA,51.5037470000,-2.6564100000
BS11 0QB,51.5019490000,-2.6579840000
BS11 0QD,51.5021310000,-2.6577130000
BS11 0QE,51.5013700000,-2.6586670000
BS11 0QF,51.5004160000,-2.6604250000
BS11 0QG,51.5010090000,-2.6602610000
BS11 0QH,51.5039170000,-2.6485750000
BS11 0QJ,51.5026990000,-2.6493210000
BS11 0QL,51.5203990000,-2.6709190000
BS11 0QQ,51.5033630000,-2.6479620000
BS11 0RD,51.5009140000,-2.6566000000
BS11 0RE,51.5009090000,-2.6558800000
BS11 0RF,51.5025020000,-2.6535840000
BS11 0RG,51.5029330000,-2.6524510000
BS11 0RH,51.5009650000,-2.6533170000
BS11 0RJ,51.5007390000,-2.6555210000
BS11 0RN,51.5007480000,-2.6573470000
BS11 0RQ,51.5017610000,-2.6531120000
BS11 0RR,51.5040020000,-2.6429290000
BS11 0RS,51.5196760000,-2.6682840000
BS11 0RU,51.5054420000,-2.6538730000
BS11 0RW,51.5046760000,-2.6511650000
BS11 0RX,51.5052310000,-2.6531760000
BS11 0RY,51.5043480000,-2.6536100000
BS11 0RZ,51.5045220000,-2.6545050000
BS11 0SA,51.5038360000,-2.6531880000
BS11 0SB,51.5040310000,-2.6520380000
BS11 0SD,51.5044460000,-2.6520550000
BS11 0SG,51.5052440000,-2.6508270000
BS11 0SH,51.5059030000,-2.6519320000
BS11 0SJ,51.5056740000,-2.6478510000
BS11 0SL,51.5061460000,-2.6471660000
BS11 0SN,51.5066290000,-2.6492620000
BS11 0SP,51.5062580000,-2.6513030000
BS11 0SQ,51.5051460000,-2.6523680000
BS11 0SR,51.5069970000,-2.6541520000
BS11 0SS,51.5066250000,-2.6547520000
BS11 0ST,51.5063400000,-2.6559000000
BS11 0SU,51.5050770000,-2.6565140000
BS11 0SW,51.5065300000,-2.6509180000
BS11 0SX,51.5062420000,-2.6541990000
BS11 0SY,51.5058660000,-2.6539050000
BS11 0SZ,51.5054170000,-2.6552960000
BS11 0TA,51.5060060000,-2.6493430000
BS11 0TB,51.5047530000,-2.6503160000
BS11 0TD,51.5043580000,-2.6419970000
BS11 0TF,51.5049520000,-2.6484170000
BS11 0TG,51.5056770000,-2.6505890000
BS11 0TH,51.5044980000,-2.6491600000
BS11 0TJ,51.5054460000,-2.6485390000
BS11 0TL,51.5047840000,-2.6479390000
BS11 0TN,51.5044530000,-2.6475170000
BS11 0TP,51.5051320000,-2.6467340000
BS11 0TQ,51.5048990000,-2.6498280000
BS11 0TR,51.5055030000,-2.6447650000
BS11 0TS,51.5047160000,-2.6455320000
BS11 0TT,51.5051880000,-2.6444180000
BS11 0TU,51.5055460000,-2.6433250000
BS11 0TW,51.5046740000,-2.6465980000
BS11 0TX,51.5049570000,-2.6425670000
BS11 0TY,51.5049690000,-2.6435910000
BS11 0TZ,51.5046400000,-2.6446090000
BS11 0UA,51.5044650000,-2.6451430000
BS11 0UB,51.5039190000,-2.6449010000
BS11 0UD,51.5045680000,-2.6429940000
BS10 7LN,51.5131070000,-2.6218450000
BS10 7LP,51.5137530000,-2.6253720000
BS10 7LQ,51.5127030000,-2.6218390000
BS10 7LR,51.5143230000,-2.6248440000
BS10 7LS,51.5149090000,-2.6242920000
BS10 7LU,51.5133000000,-2.6261850000
BS10 7LW,51.5141240000,-2.6249010000
BS10 7LX,51.5135310000,-2.6267640000
BS10 7LY,51.5126610000,-2.6279340000
BS10 7LZ,51.5118070000,-2.6295510000
BS10 7NA,51.5120740000,-2.6301600000
BS10 7NB,51.5110820000,-2.6290080000
BS10 7ND,51.5117620000,-2.6280080000
BS10 7NG,51.5093540000,-2.6325860000
BS10 7NH,51.5114220000,-2.6324010000
BS10 7NL,51.5106830000,-2.6304870000
BS10 7NN,51.5115190000,-2.6314200000
BS10 7NP,51.5121860000,-2.6359400000
BS10 7NQ,51.5100030000,-2.6273210000
BS10 7NR,51.5120540000,-2.6371910000
BS10 7NS,51.5130050000,-2.6325650000
BS10 7NT,51.5125530000,-2.6329330000
BS10 7NU,51.5118610000,-2.6313090000
BS10 7NW,51.5118110000,-2.6354730000
BS10 7NX,51.5103460000,-2.6286660000
BS10 7NY,51.5100630000,-2.6277980000
BS10 7NZ,51.5100230000,-2.6267190000
BS10 7PA,51.5112690000,-2.6275980000
BS10 7PB,51.5113010000,-2.6284630000
BS10 7PD,51.5110670000,-2.6267880000
BS10 7PE,51.5122490000,-2.6276830000
BS10 7PF,51.5115450000,-2.6264200000
BS10 7PG,51.5125500000,-2.6268230000
BS10 7PH,51.5134340000,-2.6279880000
BS10 7PJ,51.5143570000,-2.6269200000
BS10 7PL,51.5137710000,-2.6289290000
BS10 7PN,51.5133480000,-2.6289520000
BS10 7PP,51.5134440000,-2.6312450000
BS10 7PQ,51.5126540000,-2.6259740000
BS10 7PR,51.5129930000,-2.6297260000
BS10 7PS,51.5106520000,-2.6385980000
BS10 7PT,51.5106530000,-2.6400970000
BS10 7PU,51.5110190000,-2.6390210000
BS10 7PW,51.5140490000,-2.6290340000
BS10 7PX,51.5101430000,-2.6396580000
BS10 7PY,51.5101490000,-2.6385630000
BS10 7PZ,51.5097280000,-2.6383410000
BS10 7QA,51.5115690000,-2.6401850000
BS10 7QD,51.5018310000,-2.6217940000
BS10 7QE,51.5009300000,-2.6254990000
BS10 7QF,51.5067350000,-2.6311690000
BS10 7QG,51.5067060000,-2.6318870000
BS10 7QH,51.5102040000,-2.6300910000
BS10 7QJ,51.5085910000,-2.6304890000
BS10 7QL,51.5097770000,-2.6291770000
BS10 7QN,51.5094330000,-2.6295900000
BS10 7QP,51.5088410000,-2.6293220000
BS10 7QQ,51.5079800000,-2.6307080000
BS10 7QR,51.5070170000,-2.6324240000
BS10 7QS,51.5057770000,-2.6324210000
BS10 7QT,51.5057160000,-2.6369450000
BS10 7QU,51.5065720000,-2.6349970000
BS10 7QW,51.5089570000,-2.6295400000
BS10 7QX,51.5070790000,-2.6341130000
BS10 7QY,51.5073410000,-2.6358290000
BS10 7QZ,51.5084470000,-2.6357000000
BS10 7RA,51.5093810000,-2.6374020000
BS10 7RB,51.5113940000,-2.6379030000
BS10 7RE,51.5063560000,-2.6383510000
BS10 7RF,51.5092920000,-2.6391410000
BS10 7RG,51.5093240000,-2.6382210000
BS10 7RH,51.5139180000,-2.6432990000
BS10 7RJ,51.5134900000,-2.6442010000
BS10 7RL,51.5130650000,-2.6446700000
BS10 7RN,51.5142730000,-2.6456530000
BS10 7RP,51.5166750000,-2.6487850000
BS10 7RQ,51.5156380000,-2.6525610000
BS10 7RR,51.5178970000,-2.6486760000
BS10 7RS,51.5260190000,-2.6418840000
BS10 7RT,51.5165110000,-2.6507290000
BS10 7RU,51.5147310000,-2.6571880000
BS10 7RW,51.5156710000,-2.6450240000
BS10 7RZ,51.5183830000,-2.6505390000
BS10 7SB,51.5227200000,-2.6527950000
BS10 7SD,51.5451460000,-2.6673030000
BS10 7SE,51.5274750000,-2.6579670000
BS10 7SF,51.5320080000,-2.6596570000
BS10 7SG,51.5127560000,-2.6404150000
BS10 7SH,51.5196510000,-2.6504710000
BS10 7SP,51.5290220000,-2.6533860000
BS10 7SQ,51.5290040000,-2.6534010000
BS10 7SR,51.5230530000,-2.6024660000
BS10 7SS,51.5082760000,-2.6340700000
BS11 0UE,51.5011670000,-2.6499620000
BS11 0UF,51.5016470000,-2.6508620000
BS10 6QB,51.5071960000,-2.6154700000
BS10 6QD,51.5078510000,-2.6159810000
BS10 6QE,51.5085700000,-2.6161490000
BS10 6QF,51.5088630000,-2.6150290000
BS10 7ST,51.5077720000,-2.6341780000
BS10 7SU,51.5079570000,-2.6332580000
BS10 7SW,51.5227510000,-2.6153890000
BS10 7SX,51.5083920000,-2.6326020000
BS10 7SY,51.5077820000,-2.6323050000
BS10 7SZ,51.5072360000,-2.6335650000
BS10 7TA,51.5157090000,-2.6246180000
BS10 7TB,51.5179530000,-2.6269690000
BS10 7TD,51.5239780000,-2.6350830000
BS10 7TE,51.5182850000,-2.6202450000
BS10 7TF,51.5183790000,-2.6211830000
BS10 7TG,51.5223460000,-2.6188720000
BS10 7TH,51.5216250000,-2.6125220000
BS10 7TJ,51.5221140000,-2.6136960000
BS10 7TL,51.5264100000,-2.6143140000
BS10 7TN,51.5227930000,-2.6146110000
BS10 7TP,51.5311310000,-2.6089860000
BS10 7TQ,51.5233380000,-2.6136670000
BS10 7TR,51.5260770000,-2.6109220000
BS10 7TS,51.5233200000,-2.6068060000
BS10 7TT,51.5212960000,-2.6173010000
BS10 7TU,51.5209520000,-2.6194150000
BS10 7TW,51.5294090000,-2.6148470000
BS10 7TX,51.5288320000,-2.6046760000
BS10 7TY,51.5231980000,-2.6076690000
BS10 7TZ,51.5250360000,-2.6086310000
BS10 7UA,51.5256760000,-2.6067510000
BS10 7UB,51.5231440000,-2.6095280000
BS10 7UD,51.5263810000,-2.6057530000
BS10 7UG,51.5235140000,-2.6058140000
BS10 7UH,51.5205450000,-2.6193800000
BS10 7XA,51.5109370000,-2.6407780000
BS10 7XB,51.5116650000,-2.6406470000
BS10 7XE,51.5093330000,-2.6398770000
BS10 7XF,51.5090990000,-2.6414590000
BS10 7XG,51.5094690000,-2.6411900000
BS10 7XH,51.5103540000,-2.6406550000
BS10 7XJ,51.5104950000,-2.6410460000
BS10 7XL,51.5101080000,-2.6411130000
BS10 7XQ,51.5092010000,-2.6426560000
BS10 7ZE,51.5462140000,-2.6565310000
BS11 0AF,51.5004600000,-2.6589280000
BS11 0DD,51.5161000000,-2.6709850000
BS10 6QG,51.5080370000,-2.6148450000
BS10 6QH,51.5098830000,-2.6109500000
BS10 6QJ,51.5104890000,-2.6101370000
BS10 6QL,51.5111090000,-2.6085890000
BS10 6QN,51.5108760000,-2.6100700000
BS10 6QP,51.5122210000,-2.6073790000
BS10 6QQ,51.5090310000,-2.6139790000
BS10 6QR,51.5129210000,-2.6076620000
BS10 6QS,51.5133150000,-2.6062980000
BS10 6QT,51.5129560000,-2.6060920000
BS10 6QU,51.5130970000,-2.6049990000
BS10 6QW,51.5122070000,-2.6083160000
BS10 6QX,51.5121940000,-2.6055770000
BS10 6QY,51.5120920000,-2.6062970000
BS10 6QZ,51.5112090000,-2.6066600000
BS10 6RA,51.5117230000,-2.6080070000
BS10 6RB,51.5113460000,-2.6079730000
BS10 6RE,51.5116460000,-2.6107720000
BS10 6RF,51.5113910000,-2.6110270000
BS10 6RG,51.5125490000,-2.6117210000
BS10 6RH,51.5110670000,-2.6131280000
BS10 6RJ,51.5104330000,-2.6123270000
BS10 6RL,51.5106420000,-2.6136980000
BS10 6RP,51.5088990000,-2.6099140000
BS10 6RQ,51.5108360000,-2.6125910000
BS10 6RR,51.5090450000,-2.6094980000
BS10 6RS,51.5096350000,-2.6083820000
BS10 6RT,51.5092500000,-2.6098040000
BS10 6RU,51.5085500000,-2.6113650000
BS10 6RW,51.5092150000,-2.6113880000
BS10 6RX,51.5097540000,-2.6063520000
BS10 6RY,51.5097280000,-2.6094930000
BS10 6RZ,51.5035480000,-2.6084450000
BS10 6SA,51.5095770000,-2.6160760000
BS10 6SB,51.5100090000,-2.6160960000
BS10 6SD,51.5103130000,-2.6163890000
BS10 6SE,51.5100910000,-2.6141090000
BS10 6SF,51.5103450000,-2.6171530000
BS10 6SG,51.5114900000,-2.6164190000
BS10 6SH,51.5113290000,-2.6147020000
BS10 6SJ,51.5113230000,-2.6140820000
BS10 6SL,51.5126550000,-2.6135980000
BS10 6SN,51.5123730000,-2.6128140000
BS10 6SP,51.5103060000,-2.6176280000
BS10 6SQ,51.5111250000,-2.6158230000
BS10 6SR,51.5110630000,-2.6172920000
BS10 6SS,51.5096870000,-2.6140310000
BS10 6SW,51.5153260000,-2.6091650000
BS10 6SX,51.5122960000,-2.6067030000
BS10 6SZ,51.5100160000,-2.6043380000
BS10 6TB,51.5052820000,-2.6119980000
BS10 6TD,51.5062020000,-2.6116070000
BS10 6TE,51.5054230000,-2.6125910000
BS10 6TF,51.5056150000,-2.6120320000
BS10 6TG,51.5016140000,-2.6154070000
BS10 6TH,51.5068830000,-2.6102330000
BS10 6TJ,51.5071150000,-2.6088100000
BS10 6TP,51.5039820000,-2.6044170000
BS10 6TQ,51.5004710000,-2.6156940000
BS10 6TR,51.5116280000,-2.6090000000
BS10 6TS,51.5064340000,-2.6102130000
BS10 6TU,51.5010300000,-2.6152550000
BS10 6TX,51.5011730000,-2.6154870000
BS10 6TZ,51.5101430000,-2.6145130000
BS10 6UA,51.5141230000,-2.6099370000
BS10 7AA,51.5016420000,-2.6254630000
BS10 7AB,51.5021700000,-2.6241160000
BS10 7AD,51.5042920000,-2.6275740000
BS10 7AE,51.5059280000,-2.6276830000
BS10 7AG,51.5067580000,-2.6270890000
BS10 7AH,51.5071630000,-2.6302920000
BS10 7AJ,51.5046920000,-2.6283720000
BS10 7AL,51.5054920000,-2.6268850000
BS10 7AN,51.5005110000,-2.6234160000
BS10 7AP,51.5032510000,-2.6238860000
BS10 7AQ,51.5062520000,-2.6292290000
BS10 7AR,51.5039600000,-2.6241550000
BS10 7AS,51.5049960000,-2.6235640000
BS10 7AT,51.5052190000,-2.6222850000
BS10 7AU,51.5050420000,-2.6218500000
BS10 7AX,51.5047200000,-2.6215140000
BS10 7AY,51.5060520000,-2.6212300000
BS10 7AZ,51.5060300000,-2.6221080000
BS10 7BA,51.5056160000,-2.6237310000
BS10 7BD,51.5060320000,-2.6231480000
BS10 7BE,51.5058940000,-2.6204640000
BS10 7BG,51.5044890000,-2.6209920000
BS10 7BH,51.5032370000,-2.6227620000
BS10 7BJ,51.5033060000,-2.6218840000
BS10 7BL,51.5039130000,-2.6211580000
BS10 7BN,51.5045920000,-2.6201870000
BS10 7BP,51.5048310000,-2.6191670000
BS10 7BQ,51.5040650000,-2.6229460000
BS10 7BS,51.5047630000,-2.6184030000
BS10 7BT,51.5040690000,-2.6188540000
BS10 7BU,51.5056700000,-2.6187030000
BS10 7BW,51.5035460000,-2.6207490000
BS10 7BY,51.5060210000,-2.6186940000
BS10 7DE,51.5113390000,-2.6348010000
BS10 7DF,51.5029360000,-2.6187670000
BS10 7DG,51.5021720000,-2.6186850000
BS10 7DH,51.5044110000,-2.6170870000
BS10 7DJ,51.5054840000,-2.6161960000
BS10 7DL,51.5076910000,-2.6173190000
BS10 7DN,51.5093820000,-2.6169380000
BS10 7DP,51.5092870000,-2.6179910000
BS10 7DQ,51.5046510000,-2.6158370000
BS10 7DR,51.5094360000,-2.6204690000
BS10 7DS,51.5091680000,-2.6219640000
BS10 7DT,51.5083430000,-2.6215200000
BS10 7DU,51.5085650000,-2.6204280000
BS10 7DW,51.5099400000,-2.6188480000
BS10 7DX,51.5089490000,-2.6191660000
BS10 7DY,51.5083360000,-2.6194450000
BS10 7DZ,51.5080200000,-2.6197580000
BS10 7EA,51.5085200000,-2.6185710000
BS10 7EB,51.5077400000,-2.6182700000
BS10 7ED,51.5067320000,-2.6184730000
BS10 7EE,51.5072740000,-2.6197620000
BS10 7EF,51.5063940000,-2.6193060000
BS10 7EG,51.5076550000,-2.6207330000
BS10 7EH,51.5074700000,-2.6218110000
BS10 7EJ,51.5069440000,-2.6226970000
BS10 7EL,51.5078860000,-2.6229260000
BS10 7EQ,51.5075540000,-2.6212360000
BS10 7ER,51.5116050000,-2.6353260000
BS10 7ES,51.5425030000,-2.6529020000
BS10 7ET,51.5132210000,-2.6140070000
BS10 7EU,51.5134930000,-2.6135640000
BS10 7EX,51.5136180000,-2.6166500000
BS10 7EY,51.5139250000,-2.6164810000
BS10 7EZ,51.5139280000,-2.6179220000
BS10 7FB,51.5092020000,-2.6187680000
BS10 7FG,51.5022400000,-2.6211780000
BS10 7FH,51.5098670000,-2.6207770000
BS10 7HE,51.5104720000,-2.6202960000
BS10 7HG,51.5094360000,-2.6204710000
BS10 7HH,51.5108260000,-2.6214240000
BS10 7HJ,51.5102080000,-2.6225690000
BS10 7HL,51.5089820000,-2.6231280000
BS10 7HN,51.5089820000,-2.6231280000
BS10 7HP,51.5097800000,-2.6235280000
BS10 7HQ,51.5100770000,-2.6218180000
BS10 7HR,51.5097800000,-2.6235280000
BS10 7HS,51.5097800000,-2.6235280000
BS10 7HT,51.5108190000,-2.6226780000
BS10 7HU,51.5110660000,-2.6218170000
BS10 7HW,51.5089820000,-2.6231280000
BS10 7HX,51.5114420000,-2.6219250000
BS10 7HY,51.5119670000,-2.6215260000
BS10 7HZ,51.5126360000,-2.6206710000
BS10 7JA,51.5110450000,-2.6203900000
BS10 7JB,51.5109100000,-2.6190050000
BS10 7JD,51.5125780000,-2.6199640000
BS10 7JE,51.5118880000,-2.6191930000
BS10 7JF,51.5125460000,-2.6174270000
BS10 7JG,51.5116730000,-2.6176610000
BS10 7JH,51.5134230000,-2.6183330000
BS10 7JJ,51.5138770000,-2.6191890000
BS10 7JL,51.5130550000,-2.6163680000
BS10 7JN,51.5125380000,-2.6155250000
BS10 7JQ,51.5125770000,-2.6184370000
BS10 7JR,51.5142370000,-2.6174360000
BS10 7JT,51.5126290000,-2.6306720000
BS10 7JW,51.5123650000,-2.6159260000
BS10 7LA,51.5109060000,-2.6232840000
BS10 7LB,51.5107660000,-2.6242050000
BS10 7LD,51.5113050000,-2.6242990000
BS10 7LE,51.5118830000,-2.6237160000
BS10 7LF,51.5112330000,-2.6225250000
BS10 7LG,51.5119450000,-2.6223760000
BS10 7LH,51.5126220000,-2.6235240000
BS10 7LJ,51.5132580000,-2.6222210000
BS10 7LL,51.5133600000,-2.6234330000
BS10 6AG,51.5000250000,-2.6113390000
BS10 6AH,51.5001330000,-2.6097250000
BS10 6AJ,51.5010000000,-2.6072300000
BS10 6AL,51.5014600000,-2.6070780000
BS10 6AN,51.5015900000,-2.6079290000
BS10 6AP,51.5021320000,-2.6039310000
BS10 6AQ,51.5007330000,-2.6101510000
BS10 6AR,51.5025930000,-2.6052920000
BS10 6AS,51.5032980000,-2.6028810000
BS10 6AT,51.5037240000,-2.6022380000
BS10 6AW,51.5015940000,-2.6055230000
BS10 6BA,51.5036450000,-2.6017900000
BS10 6BN,51.5010410000,-2.6097370000
BS10 6BY,51.5103750000,-2.6008560000
BS10 6DA,51.5051860000,-2.6045480000
BS10 6DB,51.5050270000,-2.6040700000
BS10 6DD,51.5052640000,-2.6034830000
BS10 6DE,51.5049300000,-2.6036080000
BS10 6DF,51.5047700000,-2.6016180000
BS10 6DG,51.5010620000,-2.6091470000
BS10 6DH,51.5018500000,-2.6081060000
BS10 6DJ,51.5027120000,-2.6084180000
BS10 6DL,51.5038740000,-2.6079160000
BS10 6DN,51.5027590000,-2.6076150000
BS10 6DP,51.5028630000,-2.6052520000
BS10 6DQ,51.5016250000,-2.6098460000
BS10 6DR,51.5040040000,-2.6054110000
BS10 6DS,51.5046930000,-2.6059970000
BS10 6DT,51.5047940000,-2.6074680000
BS10 6DU,51.5052540000,-2.6052840000
BS10 6DW,51.5019550000,-2.6069690000
BS10 6DX,51.5059400000,-2.6031890000
BS10 6DY,51.5053880000,-2.6018150000
BS10 6DZ,51.5050520000,-2.6006000000
BS10 6EA,51.5041680000,-2.6014080000
BS10 6EE,51.5056760000,-2.6002180000
BS10 6ES,51.5059530000,-2.6005530000
BS10 6ET,51.5060770000,-2.6009290000
BS10 6EU,51.5041780000,-2.6046920000
BS10 6EZ,51.5018450000,-2.6121700000
BS10 6HA,51.5009170000,-2.6111190000
BS10 6HB,51.5025950000,-2.6100460000
BS10 6HD,51.5041560000,-2.6090150000
BS10 6HE,51.5055750000,-2.6076370000
BS10 6HF,51.5064730000,-2.6060920000
BS10 6HG,51.5073190000,-2.6042590000
BS10 6HH,51.5068870000,-2.6006950000
BS10 6HN,51.5061820000,-2.6014920000
BS10 6HP,51.5060080000,-2.6021100000
BS10 6HQ,51.5070760000,-2.6025410000
BS10 6HR,51.5062270000,-2.6033370000
BS10 6HS,51.5069740000,-2.6032030000
BS10 6HT,51.5057970000,-2.6046860000
BS10 6HU,51.5063330000,-2.6051540000
BS10 6HW,51.5052800000,-2.6020420000
BS10 6HX,51.5054140000,-2.6057320000
BS10 6HY,51.5066040000,-2.6017140000
BS10 6HZ,51.5080410000,-2.6001190000
BS10 6JB,51.5109640000,-2.6000570000
BS10 6JG,51.5080630000,-2.6080870000
BS10 6JN,51.5105360000,-2.6063340000
BS10 6JP,51.5107030000,-2.6033550000
BS10 6JQ,51.5109010000,-2.6071020000
BS10 6JR,51.5101460000,-2.6034610000
BS10 6JS,51.5117000000,-2.6003830000
BS10 6JW,51.5098750000,-2.6068890000
BS10 6NA,51.5089620000,-2.6133580000
BS10 6NB,51.5073580000,-2.6136710000
BS10 6ND,51.5091390000,-2.6052490000
BS10 6NE,51.5077650000,-2.6048850000
BS10 6NF,51.5082460000,-2.6072990000
BS10 6NG,51.5031320000,-2.6122720000
BS10 6NL,51.5061250000,-2.6090130000
BS10 6NN,51.5079570000,-2.6060690000
BS10 6NP,51.5097120000,-2.6040600000
BS10 6NQ,51.5018460000,-2.6140410000
BS10 6NR,51.5100810000,-2.6022350000
BS10 6NS,51.5104980000,-2.6015200000
BS10 6NT,51.5115100000,-2.6020400000
BS10 6NU,51.5119310000,-2.6025480000
BS10 6NW,51.5082880000,-2.6047040000
BS10 6NX,51.5114090000,-2.6027570000
BS10 6NY,51.5122260000,-2.6011400000
BS10 6NZ,51.5126320000,-2.6005700000
BS10 6PA,51.5128250000,-2.6000380000
BS10 6PB,51.5136340000,-2.6018210000
BS10 6PD,51.5136300000,-2.6006550000
BS10 6PE,51.5134090000,-2.6001320000
BS10 6PF,51.5140370000,-2.6005440000
BS10 6PL,51.5049380000,-2.6090260000
BS10 6PN,51.5056150000,-2.6085300000
BS10 6PP,51.5067120000,-2.6067870000
BS10 6PR,51.5072490000,-2.6055410000
BS10 6PS,51.5071960000,-2.6070390000
BS10 6PT,51.5076410000,-2.6062810000
BS10 6PU,51.5043510000,-2.6095080000
BS10 6PW,51.5062400000,-2.6077170000
BS10 6PX,51.5033590000,-2.6101860000
BS10 6PY,51.5020590000,-2.6110910000
BS10 6PZ,51.5005070000,-2.6118640000
BS10 6QA,51.5071100000,-2.6150920000
BS10 5NZ,51.5025980000,-2.6025400000
BS10 5PA,51.5016170000,-2.6009860000
BS10 5PB,51.5021600000,-2.6002150000
BS10 5PX,51.5000140000,-2.6048830000
BS10 5PY,51.5000780000,-2.6080260000
BS10 5PZ,51.5003440000,-2.6071780000
BS10 5QH,51.5018440000,-2.6022850000
BS10 5QJ,51.5009290000,-2.6019130000
BS10 5QL,51.5017040000,-2.6015340000
BS10 5QN,51.5006340000,-2.6033640000
BS10 5QP,51.5000200000,-2.6019590000
BS10 5QR,51.5005130000,-2.6005960000
BS10 5QW,51.5006660000,-2.6023130000
BS10 5QZ,51.5025550000,-2.6003640000
BS10 6AA,51.5114870000,-2.6014900000
BS10 6TL,51.5059290000,-2.6104080000
BS10 6UD,51.5094540000,-2.6152260000
BS10 6UE,51.5119540000,-2.6013970000
BS10 7EN,51.5084430000,-2.6228640000
BS10 7FD,51.5139600000,-2.6203450000
BS10 7FE,51.5037950000,-2.6162000000
BS10 7FF,51.5248900000,-2.6054020000
BS10 7FJ,51.5101760000,-2.6208680000
BS10 7FL,51.5195190000,-2.6201020000
BS10 7FN,51.5436080000,-2.6579210000
BS10 7FQ,51.5005810000,-2.6251630000
BS10 7FR,51.5436080000,-2.6579210000
BS10 7NE,51.5221880000,-2.6114920000
BS10 7NF,51.5218710000,-2.6119060000
BS11 0FF,51.5021530000,-2.6602200000
BS11 0FG,51.5014970000,-2.6616080000
BS11 0FJ,51.5239110000,-2.6882430000
BS11 0GG,51.5007710000,-2.6580100000
BS11 8AS,51.5123130000,-2.6852390000
BS35 4GH,51.5442760000,-2.6409770000
BS35 4UZ,51.5635980000,-2.6429470000
BS11 8AR,51.5143040000,-2.6888760000
BS11 8AU,51.5194530000,-2.6909720000
BS11 9HN,51.5078380000,-2.6951900000
BS11 9HR,51.5073610000,-2.6982950000
BS10 6FB,51.5080380000,-2.6127580000
BS10 6FD,51.5069030000,-2.6147450000
BS35 4DF,51.5376620000,-2.6484390000
BS10 7FW,51.5207870000,-2.6163300000
BS10 6FE,51.5116670000,-2.6012200000
BS11 0FN,51.5043080000,-2.6492180000
BS11 0FP,51.5049620000,-2.6528870000
BS35 4DJ,51.5415490000,-2.6414290000
BS10 7FS,51.5043220000,-2.6217850000
BS10 7FT,51.5120530000,-2.6219480000
BS10 6FH,51.5126580000,-2.6147940000
BS10 7FU,51.5064510000,-2.6237590000
BS10 7FX,51.5060000000,-2.6239690000
BS35 4ER,51.5392280000,-2.6416130000
BS10 7GB,51.5414870000,-2.6684940000
BS10 7GD,51.5291810000,-2.6615230000
BS11 0FR,51.5192390000,-2.6737020000
BS10 7FY,51.5213940000,-2.6137300000
BS10 7FZ,51.5208350000,-2.6139820000
BS10 7UF,51.5212060000,-2.6135400000
BS35 4EL,51.5348610000,-2.6508220000
