PE33 0TH,52.7291350000,0.4170130000
PE33 0UA,52.7098960000,0.4146610000
PE33 0UB,52.7095230000,0.4152920000
PE33 0UD,52.7088390000,0.4140100000
PE33 0UE,52.7312810000,0.4145100000
PE33 0XA,52.7149520000,0.4312270000
PE33 0XW,52.7155870000,0.4138200000
PE33 0EG,52.7087900000,0.4159620000
PE33 0JU,52.7251220000,0.4127480000
PE33 0JX,52.7149340000,0.4127630000
PE33 0JY,52.7142860000,0.4101210000
PE33 0JZ,52.7152590000,0.4096270000
PE33 0LA,52.7164040000,0.4103410000
PE33 0LB,52.7166090000,0.4090790000
PE33 0LD,52.7169720000,0.4115870000
PE33 0LE,52.7176670000,0.4119950000
PE33 0LF,52.7176850000,0.4097570000
PE33 0LG,52.7190370000,0.4121750000
PE33 0LH,52.7189780000,0.4117430000
PE33 0LJ,52.7187420000,0.4127520000
PE33 0LL,52.7215930000,0.4149230000
PE33 0LN,52.7224700000,0.4135930000
PE33 0LP,52.7242610000,0.4135150000
PE33 0LQ,52.7207950000,0.4123750000
PE33 0LR,52.7246860000,0.4147080000
PE33 0LS,52.7249540000,0.4134790000
PE33 0LT,52.7251610000,0.4148230000
PE33 0LU,52.7257090000,0.4141580000
PE33 0LW,52.7240830000,0.4125420000
PE33 0LY,52.7271800000,0.4134540000
PE33 0LZ,52.7285640000,0.4143900000
PE33 0NA,52.7299050000,0.4109970000
PE33 0NB,52.7300180000,0.4151510000
PE33 0ND,52.7320820000,0.4162570000
PE33 0NE,52.7319930000,0.4168450000
PE33 0NF,52.7318520000,0.4174040000
PE33 0NG,52.7319090000,0.4185580000
PE33 0NH,52.7072050000,0.4165550000
PE33 0NJ,52.7152890000,0.4081480000
PE33 0NL,52.7114270000,0.4132060000
PE33 0NN,52.7094300000,0.4119260000
PE33 0NP,52.7160800000,0.4143510000
PE33 0NQ,52.7295290000,0.4162200000
PE33 0NR,52.7180020000,0.4192840000
PE33 0NS,52.7192030000,0.4179010000
PE33 0NT,52.7195550000,0.4187200000
PE33 0NU,52.7187290000,0.4184510000
PE33 0NW,52.7310760000,0.4181550000
PE33 0NX,52.7151620000,0.4159000000
PE33 0NY,52.7118680000,0.4160440000
PE33 0NZ,52.7102400000,0.4154500000
PE33 0PA,52.7112300000,0.4160240000
PE33 0PB,52.7045790000,0.4183340000
PE33 0PD,52.7013020000,0.4176500000
PE33 0PE,52.7087490000,0.4118290000
PE33 0PF,52.7081110000,0.4131110000
PE33 0PG,52.7120400000,0.4122480000
PE33 0PH,52.7115900000,0.4092020000
PE33 0PJ,52.7092840000,0.4099940000
PE33 0PL,52.7107290000,0.4086370000
PE33 0PN,52.7104400000,0.4080000000
PE33 0PP,52.7097850000,0.4090880000
PE33 0PQ,52.7121970000,0.4080960000
PE33 0PR,52.7080950000,0.4077220000
PE33 0PS,52.7075790000,0.4078860000
PE33 0PT,52.7076590000,0.4092520000
PE33 0PU,52.7074090000,0.4096090000
PE33 0PW,52.7104660000,0.4074080000
PE33 0PX,52.7072520000,0.4067430000
PE33 0PY,52.7077150000,0.4070500000
PE33 0PZ,52.7088480000,0.4074580000
PE33 0QA,52.7096260000,0.4076140000
PE33 0QB,52.7097540000,0.4070730000
PE33 0QE,52.7094320000,0.4087580000
PE33 0QF,52.7079510000,0.4104500000
PE33 0QG,52.7065870000,0.4155440000
PE33 0QH,52.7057420000,0.4155420000
PE33 0QJ,52.7082190000,0.4148790000
PE33 0QN,52.7134650000,0.4259190000
PE33 0QP,52.7325160000,0.4234220000
PE33 0QQ,52.7071750000,0.4135930000
PE33 0QR,52.7194280000,0.4343940000
PE33 0QS,52.7179960000,0.4299170000
PE33 0QT,52.7166380000,0.4303300000
PE33 0QU,52.7183510000,0.4325710000
PE33 0QW,52.7182430000,0.4349760000
PE33 0QY,52.7174210000,0.4355560000
PE33 0QZ,52.7185480000,0.4365000000
PE33 0RA,52.7172560000,0.4344220000
PE33 0RB,52.7149270000,0.4361580000
PE33 0RD,52.7140280000,0.4324350000
PE33 0RE,52.7136960000,0.4297950000
PE33 0RF,52.7122540000,0.4286340000
PE33 0RU,52.7111060000,0.4108930000
PE33 0RY,52.7112540000,0.4119820000
PE33 0SP,52.7102800000,0.4121500000
PE33 0ST,52.7104950000,0.4112890000
PE33 0SX,52.7101130000,0.4106010000
PE33 0SY,52.7104180000,0.4130620000
PE33 0SZ,52.7106650000,0.4143650000
PE32 1RP,52.7242180000,0.4554390000
PE32 1RQ,52.7210850000,0.4371380000
PE32 1RR,52.7248680000,0.4518470000
PE32 1RS,52.7266040000,0.4518110000
PE32 1RT,52.7242850000,0.4548350000
PE32 1RU,52.7236320000,0.4555090000
PE32 1RW,52.7247650000,0.4542400000
PE32 1RX,52.7235150000,0.4494600000
PE32 1RY,52.7179540000,0.4585530000
PE32 1RZ,52.7246160000,0.4535950000
PE32 1SA,52.7133010000,0.4598150000
PE32 1SB,52.7111360000,0.4610260000
PE32 1SD,52.7056350000,0.4596500000
PE32 1SE,52.7068470000,0.4627530000
PE32 1SF,52.7068820000,0.4651990000
PE32 1SG,52.7023300000,0.4676650000
PE32 1SH,52.7040190000,0.4629790000
PE32 1SJ,52.7033210000,0.4623770000
PE32 1SL,52.7048000000,0.4587150000
PE32 1SN,52.7051900000,0.4611500000
PE32 1SP,52.7169510000,0.4573170000
PE32 1SW,52.7055750000,0.4735190000
PE33 0BG,52.7022200000,0.4153770000
PE32 1YA,52.7204940000,0.4590060000
PE32 1YB,52.7214370000,0.4568960000
PE32 1YD,52.7221790000,0.4579300000
PE32 1YE,52.7197090000,0.4621450000
PE32 1YF,52.7224190000,0.4563450000
PE32 1EB,52.7140340000,0.4697480000
PE32 1ED,52.7231230000,0.4655370000
PE32 1EE,52.7286180000,0.4680990000
PE32 1EG,52.7286170000,0.4709270000
PE32 1EH,52.7358610000,0.4758250000
PE32 1EJ,52.7394260000,0.4780280000
PE32 1EL,52.7393590000,0.4818310000
PE32 1EN,52.7442960000,0.4888980000
PE32 1EP,52.7511760000,0.4768270000
PE32 1EQ,52.7336530000,0.4713450000
PE32 1ER,52.7492920000,0.4879820000
PE32 1ES,52.7512690000,0.4912510000
PE32 1EU,52.7521910000,0.4654290000
PE32 1EX,52.7525680000,0.4724010000
PE32 1EY,52.7539710000,0.4760070000
PE32 1EZ,52.7399080000,0.4593870000
PE32 1HB,52.7517440000,0.4575200000
PE32 1NG,52.7161510000,0.4931890000
PE32 1NH,52.7101040000,0.4985450000
PE32 1NL,52.7059210000,0.4928560000
PE32 1NN,52.7009650000,0.4835300000
PE32 1RA,52.7175390000,0.4603660000
PE32 1RD,52.7170250000,0.4608400000
PE32 1RE,52.7179540000,0.4609360000
PE32 1RF,52.7186050000,0.4620680000
PE32 1RG,52.7193010000,0.4609970000
PE32 1RH,52.7162430000,0.4565170000
PE32 1RJ,52.7230170000,0.4474480000
PE32 1RL,52.7241710000,0.4505500000
PE32 1RN,52.7249290000,0.4510800000
PE31 6XU,52.7815390000,0.4743390000
PE31 6YZ,52.7922660000,0.4797100000
PE30 5NN,52.7501280000,0.4114180000
PE30 5NP,52.7486240000,0.4143870000
PE30 5NQ,52.7516820000,0.4111620000
PE30 5NR,52.7494300000,0.4148020000
PE30 5NS,52.7475270000,0.4146230000
PE30 5NT,52.7488980000,0.4113350000
PE30 5NU,52.7491290000,0.4101470000
PE30 5NW,52.7496720000,0.4117040000
PE30 5NX,52.7482960000,0.4108420000
PE30 5NY,52.7470320000,0.4115280000
PE30 5NZ,52.7499950000,0.4097950000
PE30 5PA,52.7499630000,0.4088890000
PE30 5PB,52.7496050000,0.4073590000
PE30 5PD,52.7480330000,0.4087380000
PE30 5PE,52.7480020000,0.4080550000
PE30 5PF,52.7482620000,0.4074320000
PE30 5PG,52.7490360000,0.4067530000
PE30 5PH,52.7486210000,0.4063550000
PE30 5PJ,52.7491630000,0.4062520000
PE30 5PL,52.7480980000,0.4037780000
PE30 5PN,52.7481200000,0.4057800000
PE30 5PP,52.7493840000,0.4075360000
PE30 5PQ,52.7486620000,0.4065650000
PE30 5PR,52.7487200000,0.4032640000
PE30 5PT,52.7518000000,0.4010330000
PE30 5PW,52.7487570000,0.4046270000
PE30 5PX,52.7505450000,0.4017050000
PE30 5PY,52.7491090000,0.4020410000
PE30 5PZ,52.7500830000,0.4016790000
PE30 5QA,52.7487830000,0.4028230000
PE30 5QB,52.7481450000,0.4027880000
PE30 5QD,52.7499110000,0.4044110000
PE30 5QE,52.7478800000,0.4030100000
PE30 5QH,52.7470610000,0.4026100000
PE30 5QJ,52.7464220000,0.4023820000
PE30 5QL,52.7462550000,0.4026690000
PE30 5QN,52.7463010000,0.4030270000
PE30 5QP,52.7466730000,0.4039810000
PE30 5QQ,52.7477950000,0.4034200000
PE30 5QR,52.7470410000,0.4040160000
PE30 5QS,52.7466150000,0.4037410000
PE30 5QT,52.7471190000,0.4032650000
PE30 5QW,52.7463560000,0.4036670000
PE30 5QX,52.7475400000,0.4060000000
PE30 5QY,52.7466700000,0.4054480000
PE30 5QZ,52.7467040000,0.4073170000
PE30 5RA,52.7462340000,0.4065500000
PE30 5RB,52.7465010000,0.4049350000
PE30 5RD,52.7454220000,0.4035860000
PE30 5RE,52.7461610000,0.4074940000
PE30 5RF,52.7456550000,0.4070960000
PE30 5RG,52.7455050000,0.4052650000
PE30 5RH,52.7458100000,0.4053860000
PE30 5RN,52.7473350000,0.4054990000
PE30 5RP,52.7521170000,0.4024730000
PE30 5RQ,52.7452190000,0.4060640000
PE30 5RT,52.7498100000,0.4053840000
PE30 5RU,52.7492160000,0.4040910000
PE30 5RW,52.7499090000,0.4126650000
PE30 5RY,52.7496650000,0.4098510000
PE30 5SX,52.7453220000,0.4011950000
PE30 5SY,52.7520150000,0.4015190000
PE30 9AH,52.7574330000,0.4006020000
PE30 9DS,52.7574330000,0.4006020000
PE31 6AA,52.7918530000,0.4576750000
PE31 6AB,52.7935720000,0.4614800000
PE31 6AD,52.7963400000,0.4667390000
PE31 6AE,52.7923190000,0.4577310000
PE31 6AF,52.7948390000,0.4692950000
PE31 6AG,52.7944540000,0.4711860000
PE31 6AH,52.7928810000,0.4690200000
PE31 6AJ,52.7947240000,0.4677300000
PE31 6AL,52.7964650000,0.4855860000
PE31 6AQ,52.7891180000,0.4707060000
PE31 6BD,52.7865100000,0.4528010000
PE31 6BE,52.7843060000,0.4486920000
PE31 6BG,52.7942500000,0.4721240000
PE30 4ST,52.7536340000,0.4401790000
PE30 4SU,52.7524850000,0.4355250000
PE30 4SW,52.7537590000,0.4374190000
PE30 4TA,52.7586780000,0.4404800000
PE30 4TB,52.7583500000,0.4393650000
PE30 4TE,52.7555650000,0.4422920000
PE30 4TF,52.7566100000,0.4426620000
PE30 4TH,52.7578810000,0.4389980000
PE30 4TJ,52.7497580000,0.4383610000
PE30 4TL,52.7578940000,0.4409850000
PE30 4TN,52.7560820000,0.4394610000
PE30 4TP,52.7421750000,0.4138230000
PE30 4TQ,52.7566680000,0.4407240000
PE30 4TW,52.7573540000,0.4401250000
PE30 4TZ,52.7494500000,0.4375200000
PE30 4UA,52.7545610000,0.4329880000
PE30 4UB,52.7546350000,0.4315400000
PE30 4UD,52.7549530000,0.4322690000
PE30 4UE,52.7545260000,0.4307340000
PE30 4UF,52.7555100000,0.4314410000
PE30 4UG,52.7551330000,0.4300560000
PE30 4UH,52.7557020000,0.4288280000
PE30 4UJ,52.7508140000,0.4438050000
PE30 4UL,52.7518610000,0.4453450000
PE30 4UN,52.7517810000,0.4444070000
PE30 4UP,52.7524660000,0.4451870000
PE30 4UQ,52.7537780000,0.4462210000
PE30 4UR,52.7499720000,0.4364510000
PE30 4UT,52.7498840000,0.4374400000
PE30 4UU,52.7506100000,0.4370950000
PE30 4UX,52.7613790000,0.4374290000
PE30 4XA,52.7535010000,0.4451410000
PE30 4XB,52.7537650000,0.4432440000
PE30 4XD,52.7531830000,0.4414030000
PE30 4XE,52.7539850000,0.4404400000
PE30 4XF,52.7528700000,0.4435200000
PE30 4XG,52.7520630000,0.4425260000
PE30 4XH,52.7545810000,0.4385470000
PE30 4XL,52.7546310000,0.4361340000
PE30 4XN,52.7538480000,0.4358120000
PE30 4XP,52.7547830000,0.4345040000
PE30 4XQ,52.7524660000,0.4404150000
PE30 4XR,52.7577710000,0.4430530000
PE30 4XS,52.7574450000,0.4427770000
PE30 4XT,52.7585470000,0.4429040000
PE30 4XU,52.7588300000,0.4426970000
PE30 4XW,52.7541200000,0.4344890000
PE30 4XX,52.7549460000,0.4352330000
PE30 4XZ,52.7589930000,0.4400390000
PE30 4YH,52.7500920000,0.4428010000
PE30 4YJ,52.7500430000,0.4436880000
PE30 4YN,52.7397040000,0.4073460000
PE30 4YP,52.7494280000,0.4425570000
PE30 4YQ,52.7501100000,0.4400910000
PE30 4YW,52.7497960000,0.4419250000
PE30 4YY,52.7494720000,0.4412700000
PE30 4YZ,52.7495310000,0.4397020000
PE30 5AR,52.7474540000,0.4002600000
PE30 5AS,52.7472160000,0.4007210000
PE30 5AY,52.7463310000,0.4008950000
PE30 5AZ,52.7460400000,0.4006120000
PE30 5BB,52.7444880000,0.4033270000
PE30 5BD,52.7450240000,0.4041420000
PE30 5DD,52.7420990000,0.4034180000
PE30 5EJ,52.7515580000,0.4019520000
PE30 5EP,52.7518960000,0.4031870000
PE30 5ER,52.7513120000,0.4031250000
PE30 5ES,52.7496820000,0.4008270000
PE30 5ET,52.7493950000,0.4007670000
PE30 5EU,52.7470780000,0.4019730000
PE30 5EX,52.7483410000,0.4022350000
PE30 5EZ,52.7508390000,0.4000740000
PE30 5HA,52.7486910000,0.4018100000
PE30 5HD,52.7485220000,0.4008230000
PE30 5HH,52.7476960000,0.4018740000
PE30 5HJ,52.7478250000,0.4008140000
PE30 5HN,52.7471450000,0.4020210000
PE30 5HP,52.7494940000,0.4001330000
PE30 5HQ,52.7480170000,0.4011210000
PE30 5JH,52.7449140000,0.4009510000
PE30 4AX,52.7601740000,0.4273570000
PE30 4AY,52.7609330000,0.4291930000
PE30 4AZ,52.7612850000,0.4278050000
PE30 4BA,52.7605160000,0.4271690000
PE30 4BB,52.7601710000,0.4255490000
PE30 4BD,52.7607360000,0.4260550000
PE30 4BE,52.7580750000,0.4251810000
PE30 4BF,52.7445850000,0.4257350000
PE30 4BG,52.7459390000,0.4372940000
PE30 4BH,52.7359060000,0.4110330000
PE30 4BL,52.7609590000,0.4227490000
PE30 4BN,52.7595930000,0.4219150000
PE30 4BS,52.7600670000,0.4244910000
PE30 4BT,52.7615880000,0.4261910000
PE30 4BU,52.7633580000,0.4271350000
PE30 4BW,52.7604270000,0.4227180000
PE30 4BX,52.7637690000,0.4303150000
PE30 4BY,52.7637810000,0.4284030000
PE30 4BZ,52.7633250000,0.4291640000
PE30 4DA,52.7628300000,0.4300700000
PE30 4DB,52.7633190000,0.4281400000
PE30 4DD,52.7628430000,0.4290030000
PE30 4DE,52.7621920000,0.4300340000
PE30 4DF,52.7624570000,0.4280630000
PE30 4DG,52.7620370000,0.4292850000
PE30 4DH,52.7615100000,0.4282330000
PE30 4DJ,52.7604060000,0.4241540000
PE30 4DN,52.7613040000,0.4238040000
PE30 4DQ,52.7615370000,0.4295530000
PE30 4DR,52.7619590000,0.4256190000
PE30 4DW,52.7638600000,0.4267330000
PE30 4DX,52.7456060000,0.4219550000
PE30 4DY,52.7572920000,0.4234480000
PE30 4DZ,52.7569870000,0.4229570000
PE30 4EA,52.7573090000,0.4221450000
PE30 4EB,52.7563840000,0.4216630000
PE30 4ED,52.7556220000,0.4246590000
PE30 4EE,52.7530250000,0.4261160000
PE30 4EF,52.7572530000,0.4262170000
PE30 4EH,52.7571090000,0.4297510000
PE30 4EL,52.7561160000,0.4310150000
PE30 4EN,52.7556320000,0.4351080000
PE30 4EP,52.7560100000,0.4372780000
PE30 4EQ,52.7565040000,0.4278650000
PE30 4ER,52.7549240000,0.4402410000
PE30 4ES,52.7543540000,0.4449960000
PE30 4ET,52.7566300000,0.4466940000
PE30 4EU,52.7575460000,0.4439150000
PE30 4EW,52.7564530000,0.4340870000
PE30 4EX,52.7583550000,0.4218020000
PE30 4EZ,52.7587870000,0.4215600000
PE30 4FL,52.7513850000,0.4343820000
PE30 4GA,52.7507740000,0.4404830000
PE30 4GB,52.7506940000,0.4412940000
PE30 4GD,52.7507520000,0.4391630000
PE30 4GF,52.7448100000,0.4261330000
PE30 4GG,52.7604910000,0.4233140000
PE30 4GJ,52.7460470000,0.4347320000
PE30 4GL,52.7469390000,0.4372310000
PE30 4GN,52.7471480000,0.4357760000
PE30 4GP,52.7468700000,0.4353010000
PE30 4GQ,52.7587520000,0.4232620000
PE30 4GR,52.7467640000,0.4326130000
PE30 4GS,52.7464550000,0.4349370000
PE30 4GT,52.7459640000,0.4339280000
PE30 4GU,52.7466140000,0.4376870000
PE30 4GW,52.7456310000,0.4355330000
PE30 4GX,52.7466170000,0.4383700000
PE30 4GY,52.7471970000,0.4395420000
PE30 4GZ,52.7453900000,0.4352020000
PE30 4HA,52.7582390000,0.4228330000
PE30 4HD,52.7585860000,0.4201840000
PE30 4HE,52.7591090000,0.4183610000
PE30 4HF,52.7602580000,0.4184540000
PE30 4HG,52.7481470000,0.4190080000
PE30 4HJ,52.7578430000,0.4471770000
PE30 4HL,52.7582630000,0.4238870000
PE30 4HP,52.7463060000,0.4171780000
PE30 4HQ,52.7598720000,0.4181960000
PE30 4HR,52.7418110000,0.4078620000
PE30 4HU,52.7426480000,0.4071520000
PE30 4HW,52.7408040000,0.4122660000
PE30 4HX,52.7416510000,0.4113200000
PE30 4HY,52.7433180000,0.4171160000
PE30 4JB,52.7429790000,0.4105630000
PE30 4JD,52.7328100000,0.4124910000
PE30 4JE,52.7448220000,0.4132930000
PE30 4JF,52.7429080000,0.4098490000
PE30 4JH,52.7408880000,0.4165440000
PE30 5NF,52.7485130000,0.4037270000
PE30 5NG,52.7514020000,0.4106880000
PE30 5NH,52.7512370000,0.4116860000
PE30 5NJ,52.7507550000,0.4119710000
PE30 5NL,52.7500460000,0.4123470000
PE30 4JJ,52.7424510000,0.4153050000
PE30 4JL,52.7424230000,0.4124590000
PE30 4JP,52.7481390000,0.4178240000
PE30 4JQ,52.7327860000,0.4110530000
PE30 4JU,52.7455030000,0.4201390000
PE30 4JX,52.7412560000,0.4128240000
PE30 4LA,52.7442240000,0.4180850000
PE30 4LB,52.7447340000,0.4192840000
PE30 4LD,52.7412190000,0.4142000000
PE30 4LE,52.7425790000,0.4191990000
PE30 4LG,52.7422470000,0.4142860000
PE30 4LJ,52.7339820000,0.4061710000
PE30 4LP,52.7404330000,0.4165720000
PE30 4LR,52.7386670000,0.4181030000
PE30 4LS,52.7465940000,0.4231210000
PE30 4LW,52.7461620000,0.4193780000
PE30 4LX,52.7469690000,0.4221490000
PE30 4NA,52.7397650000,0.4131720000
PE30 4NB,52.7342810000,0.4127060000
PE30 4NE,52.7420440000,0.4098900000
PE30 4NG,52.7343870000,0.4074830000
PE30 4NJ,52.7548360000,0.4204070000
PE30 4NL,52.7534890000,0.4216510000
PE30 4NN,52.7517390000,0.4210350000
PE30 4NP,52.7542100000,0.4204750000
PE30 4NR,52.7533760000,0.4205780000
PE30 4NS,52.7550310000,0.4232040000
PE30 4NT,52.7544380000,0.4240450000
PE30 4NU,52.7531490000,0.4237510000
PE30 4NW,52.7526900000,0.4198690000
PE30 4NX,52.7521030000,0.4233270000
PE30 4NY,52.7515880000,0.4231310000
PE30 4NZ,52.7522260000,0.4253600000
PE30 4PA,52.7516060000,0.4271180000
PE30 4PB,52.7508090000,0.4278300000
PE30 4PD,52.7498120000,0.4271370000
PE30 4PE,52.7504850000,0.4260780000
PE30 4PF,52.7495740000,0.4257900000
PE30 4PG,52.7512520000,0.4250980000
PE30 4PH,52.7536190000,0.4223550000
PE30 4PJ,52.7537880000,0.4231050000
PE30 4PQ,52.7519480000,0.4220400000
PE30 4PR,52.7574320000,0.4187870000
PE30 4PT,52.7521840000,0.4221270000
PE30 4PU,52.7584220000,0.4191830000
PE30 4PX,52.7571300000,0.4172730000
PE30 4PZ,52.7559160000,0.4199030000
PE30 4QA,52.7556370000,0.4172940000
PE30 4QB,52.7562220000,0.4176970000
PE30 4QD,52.7550810000,0.4189830000
PE30 4QE,52.7548470000,0.4172210000
PE30 4QF,52.7540500000,0.4192960000
PE30 4QG,52.7522620000,0.4170040000
PE30 4QH,52.7512390000,0.4224150000
PE30 4QJ,52.7501200000,0.4241310000
PE30 4QL,52.7509130000,0.4236270000
PE30 4QN,52.7508040000,0.4223760000
PE30 4QP,52.7506610000,0.4247940000
PE30 4QQ,52.7518370000,0.4201960000
PE30 4QR,52.7557110000,0.4211520000
PE30 4QU,52.7538050000,0.4334650000
PE30 4QW,52.7505120000,0.4243460000
PE30 4QY,52.7527840000,0.4336750000
PE30 4QZ,52.7527180000,0.4325000000
PE30 4RA,52.7540140000,0.4320390000
PE30 4RB,52.7529690000,0.4320990000
PE30 4RD,52.7529360000,0.4311200000
PE30 4RE,52.7536010000,0.4306970000
PE30 4RF,52.7530240000,0.4307690000
PE30 4RG,52.7521320000,0.4303930000
PE30 4RH,52.7513590000,0.4303800000
PE30 4RJ,52.7507280000,0.4322120000
PE30 4RN,52.7516590000,0.4328560000
PE30 4RP,52.7514930000,0.4413980000
PE30 4RQ,52.7519020000,0.4315360000
PE30 4RR,52.7526690000,0.4390480000
PE30 4RS,52.7514230000,0.4360290000
PE30 4RT,52.7504100000,0.4358990000
PE30 4RU,52.7510160000,0.4352660000
PE30 4RW,52.7516430000,0.4332110000
PE30 4RX,52.7503030000,0.4336550000
PE30 4RY,52.7505090000,0.4332370000
PE30 4RZ,52.7495370000,0.4346200000
PE30 4SB,52.7498210000,0.4304130000
PE30 4SD,52.7495720000,0.4293760000
PE30 4SE,52.7489530000,0.4350320000
PE30 4SF,52.7489340000,0.4315780000
PE30 4SG,52.7479360000,0.4314040000
PE30 4SH,52.7477970000,0.4330710000
PE30 4SP,52.7528730000,0.4367920000
PE30 4SQ,52.7486770000,0.4335790000
PE30 4SR,52.7525280000,0.4379010000
PE30 4SS,52.7534550000,0.4347500000
PE30 3LR,52.7788870000,0.4341080000
PE30 3LS,52.7792740000,0.4358350000
PE30 3LT,52.7798180000,0.4374080000
PE30 3LU,52.7801890000,0.4374730000
PE30 3LW,52.7789490000,0.4319760000
PE30 3LX,52.7810710000,0.4363510000
PE30 3LY,52.7805240000,0.4349850000
PE30 3LZ,52.7790990000,0.4352020000
PE30 3NA,52.7806940000,0.4315100000
PE30 3NB,52.7836400000,0.4309910000
PE30 3ND,52.7854050000,0.4310760000
PE30 3NE,52.7846220000,0.4289260000
PE30 3NF,52.7847240000,0.4305630000
PE30 3NG,52.7763990000,0.4337610000
PE30 3NH,52.7744040000,0.4557570000
PE30 3NJ,52.7739320000,0.4585770000
PE30 3NL,52.7734250000,0.4565320000
PE30 3NN,52.7740120000,0.4349210000
PE30 3NP,52.7748940000,0.4363610000
PE30 3NQ,52.7746640000,0.4311140000
PE30 3NR,52.7748340000,0.4458030000
PE30 3NS,52.7752530000,0.4513860000
PE30 3NT,52.7742230000,0.4511940000
PE30 3NU,52.7758140000,0.4545320000
PE30 3NW,52.7743840000,0.4363580000
PE30 3NX,52.7738280000,0.4541160000
PE30 3NY,52.7727640000,0.4565390000
PE30 3NZ,52.7747600000,0.4563700000
PE30 3PA,52.7754500000,0.4564830000
PE30 3PB,52.7765320000,0.4589170000
PE30 3PD,52.7775670000,0.4623560000
PE30 3PE,52.7752070000,0.4425320000
PE30 3PF,52.7690500000,0.4706660000
PE30 3PG,52.7745540000,0.4432670000
PE30 3PH,52.7658900000,0.4229020000
PE30 3PJ,52.7652210000,0.4221830000
PE30 3PL,52.7655100000,0.4208210000
PE30 3PN,52.7660720000,0.4192660000
PE30 3PP,52.7666930000,0.4216710000
PE30 3PQ,52.7672270000,0.4256600000
PE30 3PR,52.7923950000,0.4361970000
PE30 3PS,52.7758680000,0.4423170000
PE30 3PT,52.7903430000,0.4371360000
PE30 3PU,52.7901140000,0.4360250000
PE30 3PW,52.7669180000,0.4200990000
PE30 3PX,52.7896810000,0.4405100000
PE30 3PY,52.7905850000,0.4394480000
PE30 3PZ,52.7921380000,0.4338250000
PE30 3QA,52.7912100000,0.4299610000
PE30 3QB,52.7877290000,0.4300340000
PE30 3QD,52.7861040000,0.4307890000
PE30 3QE,52.7864940000,0.4299200000
PE30 3QF,52.7864860000,0.4307790000
PE30 3QG,52.7857690000,0.4304440000
PE30 3QH,52.7914990000,0.4289980000
PE30 3QJ,52.7999280000,0.4131780000
PE30 3QL,52.7748190000,0.4408790000
PE30 3QN,52.7881870000,0.4326990000
PE30 3QP,52.7867430000,0.4320550000
PE30 3QQ,52.7876240000,0.4276700000
PE30 3QR,52.7912510000,0.4393520000
PE30 3QS,52.7921560000,0.4403820000
PE30 3QT,52.7927720000,0.4401790000
PE30 3QU,52.7919480000,0.4399840000
PE30 3QW,52.7873880000,0.4321950000
PE30 3QX,52.7915590000,0.4401260000
PE30 3QY,52.7919390000,0.4404290000
PE30 3QZ,52.7913680000,0.4410790000
PE30 3RA,52.7915040000,0.4406120000
PE30 3RB,52.7916540000,0.4376540000
PE30 3RD,52.7928770000,0.4367880000
PE30 3RE,52.7933610000,0.4405820000
PE30 3RF,52.7939020000,0.4394260000
PE30 3RG,52.7930660000,0.4394090000
PE30 3RH,52.7919510000,0.4442270000
PE30 3RJ,52.7957030000,0.4305520000
PE30 3RL,52.7750260000,0.4432510000
PE30 3RN,52.7879670000,0.4381450000
PE30 3RP,52.7884120000,0.4374880000
PE30 3RQ,52.7924400000,0.4436020000
PE30 3RR,52.7867610000,0.4364610000
PE30 3RS,52.7871780000,0.4402220000
PE30 3RT,52.7875630000,0.4367730000
PE30 3RU,52.7870240000,0.4306470000
PE30 3RW,52.7881420000,0.4368490000
PE30 3RX,52.7886420000,0.4323980000
PE30 3RY,52.7890510000,0.4343940000
PE30 3SA,52.7707670000,0.4376580000
PE30 3SB,52.7728810000,0.4393620000
PE30 3SD,52.7724120000,0.4376910000
PE30 3SE,52.7721020000,0.4378960000
PE30 3SF,52.7695150000,0.4393380000
PE30 3SG,52.7716220000,0.4384770000
PE30 3SH,52.7723160000,0.4252310000
PE30 3SJ,52.7722470000,0.4242040000
PE30 3SL,52.7725710000,0.4229030000
PE30 3SN,52.7723180000,0.4211690000
PE30 3SP,52.7816350000,0.4404310000
PE30 3SQ,52.7724980000,0.4404830000
PE30 3SR,52.7688790000,0.4420150000
PE30 2LL,52.7673100000,0.4141160000
PE30 2LN,52.7676150000,0.4165930000
PE30 2LP,52.7669580000,0.4177290000
PE30 2LQ,52.7657300000,0.4108860000
PE30 2LR,52.7666220000,0.4174290000
PE30 2LS,52.7656390000,0.4173590000
PE30 2LT,52.7648050000,0.4174460000
PE30 3SS,52.7718090000,0.4403400000
PE30 3ST,52.7907860000,0.4348470000
PE30 3SU,52.7708550000,0.4395010000
PE30 3SW,52.7672050000,0.4293940000
PE30 3SX,52.7903290000,0.4330410000
PE30 3SY,52.7906010000,0.4320480000
PE30 3SZ,52.7683540000,0.4404440000
PE30 3TA,52.7821250000,0.4391080000
PE30 3TB,52.7823520000,0.4374450000
PE30 3TD,52.7834040000,0.4352950000
PE30 3TE,52.7833450000,0.4363890000
PE30 3TF,52.7823250000,0.4352940000
PE30 3TG,52.7818120000,0.4368230000
PE30 3TH,52.7833440000,0.4368780000
PE30 3TJ,52.7836700000,0.4350130000
PE30 3TL,52.7842910000,0.4354180000
PE30 3TN,52.7844580000,0.4360500000
PE30 3TP,52.7844900000,0.4384550000
PE30 3TQ,52.7834980000,0.4385770000
PE30 3TR,52.7733950000,0.4579840000
PE30 3TS,52.7759540000,0.4451240000
PE30 3TT,52.7727860000,0.4506840000
PE30 3TU,52.7731280000,0.4456780000
PE30 3TW,52.7840640000,0.4368440000
PE30 3TX,52.7719920000,0.4449910000
PE30 3TY,52.7723170000,0.4470700000
PE30 3TZ,52.7726650000,0.4459040000
PE30 3UA,52.7712820000,0.4471310000
PE30 3UB,52.7715170000,0.4466400000
PE30 3UD,52.7717860000,0.4489960000
PE30 3UE,52.7704390000,0.4478990000
PE30 3UF,52.7708540000,0.4447940000
PE30 3UG,52.7737510000,0.4481890000
PE30 3UH,52.7733720000,0.4495610000
PE30 3UJ,52.7817550000,0.4398140000
PE30 3UL,52.7691510000,0.4432010000
PE30 3UQ,52.7744670000,0.4491920000
PE30 3UT,52.7678480000,0.4409790000
PE30 3UU,52.7674830000,0.4403800000
PE30 3UW,52.7686990000,0.4450440000
PE30 3UY,52.7678530000,0.4437960000
PE30 3UZ,52.7677390000,0.4393120000
PE30 3WA,52.7681460000,0.4222560000
PE30 3WB,52.7693780000,0.4207240000
PE30 3WD,52.7694050000,0.4202810000
PE30 3WE,52.7689410000,0.4205670000
PE30 3WF,52.7691890000,0.4203130000
PE30 3WG,52.7682900000,0.4226790000
PE30 3WH,52.7687100000,0.4204350000
PE30 3WJ,52.7687380000,0.4212670000
PE30 3WL,52.7843220000,0.4335070000
PE30 3WT,52.7769180000,0.4281400000
PE30 3WU,52.7834680000,0.4330590000
PE30 3WX,52.7828780000,0.4322560000
PE30 3WY,52.7823020000,0.4333500000
PE30 3WZ,52.7821090000,0.4328780000
PE30 3XA,52.7885530000,0.4310290000
PE30 3XB,52.7890850000,0.4318740000
PE30 3XD,52.7893810000,0.4323510000
PE30 3XF,52.7889880000,0.4357100000
PE30 3XG,52.7895690000,0.4354310000
PE30 3XH,52.7732750000,0.4507860000
PE30 3XL,52.7695690000,0.4460270000
PE30 3XN,52.7691610000,0.4448920000
PE30 3XP,52.7697840000,0.4443930000
PE30 3XQ,52.7666860000,0.4296770000
PE30 3XU,52.7677450000,0.4455540000
PE30 3XX,52.7685840000,0.4462830000
PE30 3XZ,52.7675690000,0.4462110000
PE30 3YA,52.7678430000,0.4446990000
PE30 3YB,52.7675220000,0.4437330000
PE30 3YD,52.7673900000,0.4427020000
PE30 3YE,52.7688480000,0.4224590000
PE30 4AA,52.7593900000,0.4246310000
PE30 4AB,52.7583820000,0.4264130000
PE30 4AD,52.7586260000,0.4276570000
PE30 4AE,52.7583450000,0.4304130000
PE30 4AF,52.7578150000,0.4279820000
PE30 4AG,52.7581810000,0.4327310000
PE30 4AH,52.7575170000,0.4343980000
PE30 4AJ,52.7572130000,0.4343220000
PE30 4AL,52.7584090000,0.4347300000
PE30 4AN,52.7581160000,0.4345800000
PE30 4AQ,52.7572080000,0.4319210000
PE30 4AS,52.7590140000,0.4304650000
PE30 4AT,52.7595410000,0.4280040000
PE30 4AU,52.7588750000,0.4286790000
PE30 4AW,52.7592740000,0.4329480000
PE30 2LU,52.7649550000,0.4158240000
PE30 2LW,52.7672290000,0.4158610000
PE30 2LX,52.7658320000,0.4160650000
PE30 2LY,52.7653090000,0.4161400000
PE30 2LZ,52.7665520000,0.4160310000
PE30 2NA,52.7635610000,0.4083350000
PE30 2NB,52.7613760000,0.4125280000
PE30 2ND,52.7699320000,0.4187300000
PE30 2NE,52.7611710000,0.4104570000
PE30 2NF,52.7665400000,0.4099530000
PE30 2NG,52.7644730000,0.4052580000
PE30 2NH,52.7651370000,0.4086300000
PE30 2NJ,52.7653520000,0.4065070000
PE30 2NL,52.7661670000,0.4079900000
PE30 2NN,52.7660050000,0.4066620000
PE30 2NP,52.7666000000,0.4130380000
PE30 2NQ,52.7647320000,0.4073620000
PE30 2NR,52.7656100000,0.4124430000
PE30 2NS,52.7661470000,0.4124960000
PE30 2NT,52.7657460000,0.4141040000
PE30 2NU,52.7671510000,0.4113060000
PE30 2NW,52.7661460000,0.4103310000
PE30 2NX,52.7684970000,0.4101350000
PE30 2NY,52.7688260000,0.4103310000
PE30 2NZ,52.7685910000,0.4076940000
PE30 2PA,52.7678900000,0.4125620000
PE30 2PB,52.7675660000,0.4134490000
PE30 2PD,52.7668200000,0.4117030000
PE30 2PE,52.7665280000,0.4136730000
PE30 2PF,52.7674190000,0.4127440000
PE30 2PG,52.7657660000,0.4100280000
PE30 2PH,52.7652050000,0.4137330000
PE30 2PP,52.7578740000,0.4063320000
PE30 2PQ,52.7652360000,0.4117340000
PE30 2PR,52.7574540000,0.4070940000
PE30 2PS,52.7577990000,0.4095890000
PE30 2PT,52.7572120000,0.4101340000
PE30 2PU,52.7572920000,0.4117390000
PE30 2PX,52.7569150000,0.4119560000
PE30 2PY,52.7568410000,0.4129300000
PE30 2PZ,52.7581990000,0.4131230000
PE30 2QA,52.7575490000,0.4148070000
PE30 2QB,52.7567830000,0.4135790000
PE30 2QD,52.7561420000,0.4123570000
PE30 2QE,52.7539660000,0.4123710000
PE30 2QF,52.7545310000,0.4120020000
PE30 2QG,52.7554950000,0.4112540000
PE30 2QH,52.7551390000,0.4090860000
PE30 2QJ,52.7538730000,0.4107500000
PE30 2QL,52.7534520000,0.4111120000
PE30 2QN,52.7538640000,0.4096380000
PE30 2QQ,52.7546900000,0.4095060000
PE30 2QS,52.7541140000,0.4088660000
PE30 2QW,52.7563520000,0.4106940000
PE30 2ZE,52.7574330000,0.4006020000
PE30 3AA,52.7642610000,0.4260290000
PE30 3AB,52.7648840000,0.4263750000
PE30 3AD,52.7657690000,0.4250890000
PE30 3AE,52.7662530000,0.4246860000
PE30 3AF,52.7664410000,0.4262980000
PE30 3AG,52.7651280000,0.4236900000
PE30 3AH,52.7644870000,0.4242480000
PE30 3AJ,52.7660610000,0.4235640000
PE30 3AL,52.7672670000,0.4220320000
PE30 3AN,52.7664770000,0.4271600000
PE30 3AP,52.7676960000,0.4278060000
PE30 3AQ,52.7652230000,0.4249700000
PE30 3AR,52.7689290000,0.4290460000
PE30 3AS,52.7697680000,0.4284850000
PE30 3AT,52.7692900000,0.4276870000
PE30 3AU,52.7702850000,0.4287210000
PE30 3AW,52.7674420000,0.4265760000
PE30 3AX,52.7720490000,0.4338900000
PE30 3AY,52.7733250000,0.4347910000
PE30 3AZ,52.7733790000,0.4361140000
PE30 3BA,52.7660030000,0.4270590000
PE30 3BD,52.7658580000,0.4266510000
PE30 3BF,52.7677220000,0.4258500000
PE30 3BG,52.7654320000,0.4274870000
PE30 3BH,52.7687720000,0.4296890000
PE30 3BJ,52.7702400000,0.4317580000
PE30 3BL,52.7702080000,0.4214670000
PE30 3BN,52.7706380000,0.4202160000
PE30 3BP,52.7706420000,0.4305790000
PE30 3BQ,52.7665870000,0.4279370000
PE30 3BS,52.7727670000,0.4326400000
PE30 3BT,52.7712890000,0.4319050000
PE30 3BU,52.7729770000,0.4307390000
PE30 3BW,52.7657050000,0.4284070000
PE30 3BX,52.7712290000,0.4304780000
PE30 3BY,52.7716090000,0.4308110000
PE30 3BZ,52.7722280000,0.4304010000
PE30 3DA,52.7728020000,0.4287420000
PE30 3DB,52.7733520000,0.4286690000
PE30 3DD,52.7733290000,0.4306550000
PE30 3DE,52.7712270000,0.4279430000
PE30 3DF,52.7719760000,0.4284580000
PE30 1GD,52.7557140000,0.4028780000
PE30 3DG,52.7700370000,0.4272100000
PE30 3DH,52.7700500000,0.4261280000
PE30 3DJ,52.7702360000,0.4249670000
PE30 3DL,52.7708310000,0.4248970000
PE30 3DN,52.7714940000,0.4263270000
PE30 3DP,52.7718180000,0.4245220000
PE30 3DQ,52.7698100000,0.4242170000
PE30 3DR,52.7712730000,0.4248170000
PE30 3DS,52.7689030000,0.4255010000
PE30 3DT,52.7689270000,0.4271470000
PE30 3DU,52.7685280000,0.4257660000
PE30 3DW,52.7718950000,0.4273430000
PE30 3DX,52.7705830000,0.4229410000
PE30 3DY,52.7717250000,0.4204980000
PE30 3DZ,52.7717870000,0.4216440000
PE30 3EA,52.7734570000,0.4375710000
PE30 3EB,52.7718810000,0.4346070000
PE30 3ED,52.7711970000,0.4355470000
PE30 3EE,52.7705860000,0.4346380000
PE30 3EF,52.7709120000,0.4345380000
PE30 3EG,52.7711890000,0.4367920000
PE30 3EH,52.7707750000,0.4385630000
PE30 3EJ,52.7696120000,0.4371480000
PE30 3EL,52.7694120000,0.4348690000
PE30 3EN,52.7694130000,0.4326460000
PE30 3EP,52.7700120000,0.4345910000
PE30 3EQ,52.7685530000,0.4414320000
PE30 3ER,52.7699180000,0.4356390000
PE30 3ES,52.7681360000,0.4331080000
PE30 3ET,52.7685820000,0.4360820000
PE30 3EU,52.7676540000,0.4320580000
PE30 3EW,52.7700900000,0.4333800000
PE30 3EX,52.7677710000,0.4377280000
PE30 3EY,52.7676680000,0.4357500000
PE30 3EZ,52.7679970000,0.4366700000
PE30 3FB,52.7690490000,0.4237720000
PE30 3HA,52.7689300000,0.4373480000
PE30 3HB,52.7674340000,0.4322680000
PE30 3HD,52.7684660000,0.4314510000
PE30 3HE,52.7687420000,0.4333490000
PE30 3HF,52.7710800000,0.4219310000
PE30 3HG,52.7719090000,0.4227030000
PE30 3HH,52.7779410000,0.4348400000
PE30 3HJ,52.7774320000,0.4357770000
PE30 3HL,52.7780120000,0.4364470000
PE30 3HN,52.7765620000,0.4360990000
PE30 3HP,52.7754540000,0.4375490000
PE30 3HQ,52.7776800000,0.4685750000
PE30 3HR,52.7756050000,0.4384920000
PE30 3HS,52.7745050000,0.4395270000
PE30 3HT,52.7752370000,0.4439120000
PE30 3HU,52.7737230000,0.4404030000
PE30 3HW,52.7773780000,0.4366630000
PE30 3HX,52.7738140000,0.4429430000
PE30 3HZ,52.7735850000,0.4518860000
PE30 3JA,52.7789780000,0.4384580000
PE30 3JB,52.7773810000,0.4387100000
PE30 3JD,52.7794340000,0.4405140000
PE30 3JE,52.7746360000,0.4524770000
PE30 3JF,52.7840530000,0.4395870000
PE30 3JG,52.7847550000,0.4421620000
PE30 3JH,52.7783950000,0.4414350000
PE30 3JJ,52.7790330000,0.4414560000
PE30 3JL,52.7796460000,0.4418170000
PE30 3JN,52.7798420000,0.4423170000
PE30 3JP,52.7761620000,0.4393980000
PE30 3JQ,52.7770470000,0.4427090000
PE30 3JR,52.7771150000,0.4411270000
PE30 3JS,52.7760890000,0.4416180000
PE30 3JU,52.7757260000,0.4405000000
PE30 3JW,52.7794260000,0.4428870000
PE30 3JX,52.7765160000,0.4409600000
PE30 3JY,52.7734730000,0.4529470000
PE30 3JZ,52.7750750000,0.4290010000
PE30 3LA,52.7756160000,0.4320410000
PE30 3LB,52.7749350000,0.4338880000
PE30 3LD,52.7758240000,0.4357730000
PE30 3LE,52.7734330000,0.4340990000
PE30 3LF,52.7740120000,0.4320120000
PE30 3LG,52.7741350000,0.4301650000
PE30 3LH,52.7763100000,0.4282410000
PE30 3LJ,52.7779670000,0.4312100000
PE30 3LL,52.7769890000,0.4315110000
PE30 3LN,52.7784630000,0.4311340000
PE30 3LP,52.7792890000,0.4320690000
PE30 3LQ,52.7759790000,0.4290380000
PE30 1JQ,52.7569280000,0.4061910000
PE30 1ND,52.7560390000,0.4028070000
PE30 1NE,52.7551780000,0.4005670000
PE30 1NF,52.7540670000,0.4009650000
PE30 1NJ,52.7544570000,0.4003640000
PE30 1NN,52.7530080000,0.4004170000
PE30 1NR,52.7556050000,0.4025020000
PE30 1NS,52.7545440000,0.4026030000
PE30 1NT,52.7534900000,0.4032450000
PE30 1NU,52.7533280000,0.4013820000
PE30 1NW,52.7533390000,0.4020360000
PE30 1NX,52.7538210000,0.4031150000
PE30 1NZ,52.7538600000,0.4018430000
PE30 1PA,52.7534530000,0.4012060000
PE30 1PB,52.7543410000,0.4016900000
PE30 1PF,52.7552120000,0.4014870000
PE30 1PG,52.7556830000,0.4012800000
PE30 1PH,52.7578890000,0.4018120000
PE30 1PL,52.7582650000,0.4007960000
PE30 1PP,52.7565990000,0.4038160000
PE30 1PS,52.7557600000,0.4064080000
PE30 1PT,52.7562540000,0.4053240000
PE30 1PU,52.7553350000,0.4060440000
PE30 1PW,52.7574480000,0.4036400000
PE30 1PX,52.7574330000,0.4006020000
PE30 1PY,52.7551120000,0.4046380000
PE30 1PZ,52.7560580000,0.4040980000
PE30 1QA,52.7558500000,0.4037160000
PE30 1QB,52.7550090000,0.4041880000
PE30 1QD,52.7546390000,0.4020340000
PE30 1QE,52.7548840000,0.4017060000
PE30 1QH,52.7567490000,0.4019420000
PE30 1QQ,52.7554120000,0.4022610000
PE30 1QT,52.7568130000,0.4048060000
PE30 1QX,52.7573440000,0.4045240000
PE30 1QY,52.7574530000,0.4053600000
PE30 1RE,52.7541250000,0.4014270000
PE30 1RF,52.7556530000,0.4017450000
PE30 1RX,52.7541690000,0.4053550000
PE30 1RY,52.7536440000,0.4020830000
PE30 1SA,52.7564470000,0.4030970000
PE30 2AB,52.7595830000,0.4001120000
PE30 2AG,52.7590520000,0.4000980000
PE30 2AL,52.7610900000,0.4004760000
PE30 2AN,52.7620440000,0.4015820000
PE30 2AP,52.7608860000,0.4010290000
PE30 2AQ,52.7589970000,0.4010430000
PE30 2AR,52.7603950000,0.4012980000
PE30 2AS,52.7607030000,0.4011820000
PE30 2AT,52.7618230000,0.4017700000
PE30 2AU,52.7600150000,0.4018410000
PE30 2AW,52.7602220000,0.4000730000
PE30 2AX,52.7601550000,0.4007370000
PE30 2AZ,52.7596330000,0.4020710000
PE30 2BA,52.7599540000,0.4035420000
PE30 2BB,52.7602210000,0.4041690000
PE30 2BD,52.7610960000,0.4041970000
PE30 2BE,52.7593860000,0.4040290000
PE30 2BG,52.7594110000,0.4059280000
PE30 2BH,52.7602640000,0.4050850000
PE30 2BJ,52.7608100000,0.4069980000
PE30 2BL,52.7603260000,0.4064520000
PE30 2BN,52.7592470000,0.4078160000
PE30 2BP,52.7588560000,0.4071120000
PE30 2BQ,52.7599080000,0.4057770000
PE30 2BS,52.7589690000,0.4064520000
PE30 2BT,52.7587220000,0.4057560000
PE30 2BU,52.7587480000,0.4049280000
PE30 2BW,52.7591300000,0.4060160000
PE30 2BX,52.7590960000,0.4037320000
PE30 2BY,52.7588100000,0.4040570000
PE30 2BZ,52.7588610000,0.4029030000
PE30 2DH,52.7633490000,0.4050330000
PE30 2DJ,52.7630520000,0.4037570000
PE30 2DL,52.7625310000,0.4036980000
PE30 2DN,52.7632310000,0.4033220000
PE30 2DP,52.7647770000,0.4034480000
PE30 2DQ,52.7622680000,0.4060260000
PE30 2DR,52.7655560000,0.4041760000
PE30 2DS,52.7650490000,0.4023550000
PE30 2DT,52.7658710000,0.4033080000
PE30 2DU,52.7648100000,0.4019560000
PE30 2DW,52.7652570000,0.4041010000
PE30 2DX,52.7663190000,0.4027210000
PE30 2DY,52.7655870000,0.4046380000
PE30 2DZ,52.7655280000,0.4031220000
PE30 2EA,52.7652070000,0.4038750000
PE30 2EB,52.7659000000,0.4051740000
PE30 2ED,52.7665510000,0.4054320000
PE30 2EE,52.7668150000,0.4079670000
PE30 2EF,52.7669300000,0.4093660000
PE30 2EG,52.7671780000,0.4069190000
PE30 2EH,52.7676030000,0.4079390000
PE30 2EJ,52.7681460000,0.4072830000
PE30 2EL,52.7677710000,0.4095760000
PE30 2EQ,52.7674090000,0.4092450000
PE30 2HU,52.7673390000,0.4002720000
PE30 2HX,52.7680830000,0.4008320000
PE30 2HY,52.7678840000,0.4022440000
PE30 2HZ,52.7694260000,0.4155220000
PE30 2JE,52.7704430000,0.4145850000
PE30 2JG,52.7712690000,0.4137560000
PE30 2JJ,52.7707780000,0.4074470000
PE30 2JN,52.7710110000,0.4180720000
PE30 2LA,52.7600730000,0.4080830000
PE30 2LB,52.7611510000,0.4092250000
PE30 2LD,52.7618990000,0.4078440000
PE30 2LE,52.7626700000,0.4097090000
PE30 2LF,52.7627900000,0.4090930000
PE30 2LG,52.7644410000,0.4101630000
PE30 2LH,52.7665560000,0.4149490000
PE30 2LJ,52.7674540000,0.4145690000
PE30 1AA,52.7574330000,0.4006020000
PE30 1AD,52.7562440000,0.4017960000
PE30 1AF,52.7566120000,0.4016090000
PE30 1AG,52.7559770000,0.4014550000
PE30 1AS,52.7562840000,0.4020500000
PE30 1DQ,52.7552440000,0.4003330000
PE30 1FB,52.7580150000,0.4029310000
PE30 1LA,52.7566730000,0.4052580000
PE30 1LD,52.7567320000,0.4054390000
PE30 1LE,52.7567200000,0.4056160000
PE30 1LF,52.7565030000,0.4056640000
PE30 1NG,52.7551390000,0.4004310000
PE30 1PJ,52.7571100000,0.4012950000
PE30 1QF,52.7562130000,0.4035580000
PE30 2DA,52.7611340000,0.4016500000
PE30 2DD,52.7693100000,0.4086080000
PE30 2DE,52.7693580000,0.4064610000
PE30 2HN,52.7707680000,0.4140360000
PE30 2QP,52.7577680000,0.4068900000
PE30 2QR,52.7577610000,0.4070520000
PE30 3RZ,52.7737900000,0.4285590000
PE30 4BQ,52.7472180000,0.4323870000
PE30 4DL,52.7471420000,0.4325900000
PE30 4DU,52.7653310000,0.4321810000
PE30 4EJ,52.7463700000,0.4325170000
PE30 4FU,52.7557550000,0.4221030000
PE30 4HB,52.7458380000,0.4312730000
PE30 4HH,52.7589280000,0.4207970000
PE30 4ND,52.7398460000,0.4149240000
PE30 4NQ,52.7463570000,0.4313760000
PE30 4SA,52.7497650000,0.4322730000
PE30 4SJ,52.7655630000,0.4318230000
PE30 4SX,52.7643240000,0.4304200000
PE30 4TR,52.7647690000,0.4297630000
PE30 4TS,52.7653860000,0.4330290000
PE30 4TX,52.7644790000,0.4294650000
PE30 4WE,52.7654120000,0.4304360000
PE30 4WF,52.7649220000,0.4298010000
PE30 4WG,52.7651520000,0.4301540000
PE30 4WJ,52.7650980000,0.4273500000
PE30 4WL,52.7651760000,0.4277540000
PE30 4WN,52.7652260000,0.4280980000
PE30 4WP,52.7371280000,0.4143880000
PE30 4WQ,52.7379930000,0.4103470000
PE30 4YR,52.7376150000,0.4070230000
PE30 5DG,52.7435020000,0.4022660000
PE30 5GL,52.7473080000,0.4029200000
PE30 5RR,52.7487200000,0.4028050000
PE30 9EE,52.7574330000,0.4006020000
PE30 9EH,52.7574330000,0.4006020000
PE30 9ET,52.7574330000,0.4006020000
PE32 1FD,52.7222650000,0.4372620000
PE32 1UX,52.7151230000,0.4597710000
PE32 1UZ,52.7151060000,0.4593110000
PE33 0WF,52.7156420000,0.4138200000
PE30 1LG,52.7565310000,0.4063020000
PE30 1RG,52.7573000000,0.4051590000
PE30 2DB,52.7610990000,0.4022560000
PE30 3BB,52.7680760000,0.4239420000
PE30 3BE,52.7685180000,0.4238480000
PE30 5BY,52.7367790000,0.4003850000
PE30 5SA,52.7501410000,0.4034460000
PE30 5SB,52.7499210000,0.4032260000
PE30 5FB,52.7427710000,0.4001810000
PE30 5RZ,52.7504410000,0.4046480000
PE30 5FD,52.7429250000,0.4006040000
PE31 8WQ,52.7574330000,0.4006020000
PE31 6EJ,52.7939740000,0.4696460000
PE31 6DZ,52.7957990000,0.4709510000
PE30 4WR,52.7338710000,0.4041060000
PE30 4WS,52.7406780000,0.4213110000
PE30 2RH,52.7614090000,0.4117880000
PE30 3FA,52.7670090000,0.4242240000
PE30 3FD,52.7679180000,0.4206870000
PE30 3FG,52.7848880000,0.4319800000
PE30 3FH,52.7854850000,0.4322070000
PE32 1FP,52.7044960000,0.4662200000
PE30 2RA,52.7615480000,0.4138120000
PE30 2RB,52.7618690000,0.4126140000
PE30 2RJ,52.7611970000,0.4129330000
PE30 2RL,52.7610800000,0.4133860000
PE30 3FE,52.7681400000,0.4212480000
PE30 9FQ,52.7574550000,0.4006170000
PE30 9FR,52.7574550000,0.4006170000
PE30 2RD,52.7622040000,0.4125290000
PE30 2RE,52.7620960000,0.4116490000
PE30 2RF,52.7620680000,0.4112320000
PE30 2RG,52.7620840000,0.4100170000
PE30 3FF,52.7675860000,0.4206240000
PE30 3FJ,52.7703310000,0.4371730000
PE30 9FS,52.7574550000,0.4006170000
PE30 9FT,52.7574550000,0.4006170000
PE34 4YZ,52.7574550000,0.4006170000
PE30 4WT,52.7577370000,0.4190550000
PE33 0FF,52.7281870000,0.4130210000
PE30 2FG,52.7642830000,0.4155050000
PE30 2FD,52.7636960000,0.4160650000
PE30 2FE,52.7640840000,0.4164570000
PE30 2FF,52.7639860000,0.4155330000
PE30 2FH,52.7634490000,0.4162890000
PE30 2FJ,52.7632530000,0.4161740000
PE30 3FL,52.7660450000,0.4291660000
PE30 9FW,52.7574550000,0.4006170000
PE30 9FX,52.7574550000,0.4006170000
PE30 1FF,52.7557780000,0.4021550000
PE30 2FN,52.7634700000,0.4006370000
PE30 9GD,52.7574550000,0.4006170000
PE30 9GF,52.7574550000,0.4006170000
PE30 9GG,52.7574550000,0.4006170000
PE30 9GH,52.7574550000,0.4006170000
PE30 9GJ,52.7574550000,0.4006170000
PE32 1XU,52.7148810000,0.4419000000
